Subset,Score,Default Train Time,Opt Train Time,Opt Train Time Total,Hostname,Data Distill Time,Inference Time,Dataset,Classifier,N,Data Parse Mode,Post Data Parse Mode,Data Mode,Distill Method,Encoder,Distill Space,Output Space,Convert Binary,Cluster Center,Short Name
Train,0.44999999999999996,0.0012929439544677734,0,0,npl23,113.544180393219,0.20350265502929688,Electricity,KNeighborsClassifier,10,onehot,onehot,Onehot -> [ GM => Original ] -> Onehot,GM,N/A,original,original,False,centroid,Onehot -> [ GM => ORI ] -> Onehot
Train - Original,0.5278073406293767,0.0012929439544677734,0,0,npl23,113.544180393219,1.1111018657684326,Electricity,KNeighborsClassifier,10,onehot,onehot,Onehot -> [ GM => Original ] -> Onehot,GM,N/A,original,original,False,centroid,Onehot -> [ GM => ORI ] -> Onehot
Val,0.5198504564395641,0.0012929439544677734,0,0,npl23,113.544180393219,0.2993013858795166,Electricity,KNeighborsClassifier,10,onehot,onehot,Onehot -> [ GM => Original ] -> Onehot,GM,N/A,original,original,False,centroid,Onehot -> [ GM => ORI ] -> Onehot
Test,0.5250548461295822,0.0012929439544677734,0,0,npl23,113.544180393219,0.31499266624450684,Electricity,KNeighborsClassifier,10,onehot,onehot,Onehot -> [ GM => Original ] -> Onehot,GM,N/A,original,original,False,centroid,Onehot -> [ GM => ORI ] -> Onehot
Train,0.8,0.0006730556488037109,0,0,npl23,100.07551860809326,0.006821632385253906,Electricity,KNeighborsClassifier,10,onehot,onehot,Onehot -> [ GM => Original ] -> Onehot,GM,N/A,original,original,False,centroid,Onehot -> [ GM => ORI ] -> Onehot
Train - Original,0.5216405688449239,0.0006730556488037109,0,0,npl23,100.07551860809326,0.6522481441497803,Electricity,KNeighborsClassifier,10,onehot,onehot,Onehot -> [ GM => Original ] -> Onehot,GM,N/A,original,original,False,centroid,Onehot -> [ GM => ORI ] -> Onehot
Val,0.5192386986045897,0.0006730556488037109,0,0,npl23,100.07551860809326,0.23410940170288086,Electricity,KNeighborsClassifier,10,onehot,onehot,Onehot -> [ GM => Original ] -> Onehot,GM,N/A,original,original,False,centroid,Onehot -> [ GM => ORI ] -> Onehot
Test,0.5197182468377086,0.0006730556488037109,0,0,npl23,100.07551860809326,0.21353459358215332,Electricity,KNeighborsClassifier,10,onehot,onehot,Onehot -> [ GM => Original ] -> Onehot,GM,N/A,original,original,False,centroid,Onehot -> [ GM => ORI ] -> Onehot
Train,0.65,0.0006566047668457031,0,0,npl23,108.26203417778015,0.007817506790161133,Electricity,KNeighborsClassifier,10,onehot,onehot,Onehot -> [ GM => Original ] -> Onehot,GM,N/A,original,original,False,centroid,Onehot -> [ GM => ORI ] -> Onehot
Train - Original,0.5290808542445143,0.0006566047668457031,0,0,npl23,108.26203417778015,0.6315124034881592,Electricity,KNeighborsClassifier,10,onehot,onehot,Onehot -> [ GM => Original ] -> Onehot,GM,N/A,original,original,False,centroid,Onehot -> [ GM => ORI ] -> Onehot
Val,0.5329966494630264,0.0006566047668457031,0,0,npl23,108.26203417778015,0.17002320289611816,Electricity,KNeighborsClassifier,10,onehot,onehot,Onehot -> [ GM => Original ] -> Onehot,GM,N/A,original,original,False,centroid,Onehot -> [ GM => ORI ] -> Onehot
Test,0.5365175100034378,0.0006566047668457031,0,0,npl23,108.26203417778015,0.17134857177734375,Electricity,KNeighborsClassifier,10,onehot,onehot,Onehot -> [ GM => Original ] -> Onehot,GM,N/A,original,original,False,centroid,Onehot -> [ GM => ORI ] -> Onehot
Train,0.6000000000000001,0.0006680488586425781,0,0,npl23,108.6101884841919,0.006471157073974609,Electricity,KNeighborsClassifier,10,onehot,onehot,Onehot -> [ GM => Original ] -> Onehot,GM,N/A,original,original,False,centroid,Onehot -> [ GM => ORI ] -> Onehot
Train - Original,0.5589479883899447,0.0006680488586425781,0,0,npl23,108.6101884841919,0.651700496673584,Electricity,KNeighborsClassifier,10,onehot,onehot,Onehot -> [ GM => Original ] -> Onehot,GM,N/A,original,original,False,centroid,Onehot -> [ GM => ORI ] -> Onehot
Val,0.5469267873384467,0.0006680488586425781,0,0,npl23,108.6101884841919,0.2527594566345215,Electricity,KNeighborsClassifier,10,onehot,onehot,Onehot -> [ GM => Original ] -> Onehot,GM,N/A,original,original,False,centroid,Onehot -> [ GM => ORI ] -> Onehot
Test,0.5564131871714991,0.0006680488586425781,0,0,npl23,108.6101884841919,0.2150726318359375,Electricity,KNeighborsClassifier,10,onehot,onehot,Onehot -> [ GM => Original ] -> Onehot,GM,N/A,original,original,False,centroid,Onehot -> [ GM => ORI ] -> Onehot
Train,0.75,0.0006639957427978516,0,0,npl23,106.40590596199036,0.0064830780029296875,Electricity,KNeighborsClassifier,10,onehot,onehot,Onehot -> [ GM => Original ] -> Onehot,GM,N/A,original,original,False,centroid,Onehot -> [ GM => ORI ] -> Onehot
Train - Original,0.5660558768328764,0.0006639957427978516,0,0,npl23,106.40590596199036,0.6584293842315674,Electricity,KNeighborsClassifier,10,onehot,onehot,Onehot -> [ GM => Original ] -> Onehot,GM,N/A,original,original,False,centroid,Onehot -> [ GM => ORI ] -> Onehot
Val,0.5687785468532081,0.0006639957427978516,0,0,npl23,106.40590596199036,0.2112584114074707,Electricity,KNeighborsClassifier,10,onehot,onehot,Onehot -> [ GM => Original ] -> Onehot,GM,N/A,original,original,False,centroid,Onehot -> [ GM => ORI ] -> Onehot
Test,0.566187316810383,0.0006639957427978516,0,0,npl23,106.40590596199036,0.21213889122009277,Electricity,KNeighborsClassifier,10,onehot,onehot,Onehot -> [ GM => Original ] -> Onehot,GM,N/A,original,original,False,centroid,Onehot -> [ GM => ORI ] -> Onehot
Train,0.8,0.0003731250762939453,0,0,npl08,19.549517154693604,0.004487037658691406,Electricity,KNeighborsClassifier,10,onehot,onehot,Onehot -> [ TF-MultiHead-Encoded => GM => Decoded ] -> Onehot,GM,TF-MultiHead,encoded,decoded,False,centroid,Onehot -> [ [TF-SFT]-ENC => GM => DEC ] -> Onehot
Train - Original,0.5,0.0003731250762939453,0,0,npl08,19.549517154693604,0.5997185707092285,Electricity,KNeighborsClassifier,10,onehot,onehot,Onehot -> [ TF-MultiHead-Encoded => GM => Decoded ] -> Onehot,GM,TF-MultiHead,encoded,decoded,False,centroid,Onehot -> [ [TF-SFT]-ENC => GM => DEC ] -> Onehot
Val,0.5,0.0003731250762939453,0,0,npl08,19.549517154693604,0.2072603702545166,Electricity,KNeighborsClassifier,10,onehot,onehot,Onehot -> [ TF-MultiHead-Encoded => GM => Decoded ] -> Onehot,GM,TF-MultiHead,encoded,decoded,False,centroid,Onehot -> [ [TF-SFT]-ENC => GM => DEC ] -> Onehot
Test,0.5,0.0003731250762939453,0,0,npl08,19.549517154693604,0.2199265956878662,Electricity,KNeighborsClassifier,10,onehot,onehot,Onehot -> [ TF-MultiHead-Encoded => GM => Decoded ] -> Onehot,GM,TF-MultiHead,encoded,decoded,False,centroid,Onehot -> [ [TF-SFT]-ENC => GM => DEC ] -> Onehot
Train,0.7,0.00036144256591796875,0,0,npl08,19.556086778640747,0.023481369018554688,Electricity,KNeighborsClassifier,10,onehot,onehot,Onehot -> [ TF-MultiHead-Encoded => GM => Decoded-Binary ] -> Onehot,GM,TF-MultiHead,encoded,decoded,True,centroid,Onehot -> [ [TF-SFT]-ENC => GM => DEC-BIN ] -> Onehot
Train - Original,0.5278073406293767,0.00036144256591796875,0,0,npl08,19.556086778640747,0.6225495338439941,Electricity,KNeighborsClassifier,10,onehot,onehot,Onehot -> [ TF-MultiHead-Encoded => GM => Decoded-Binary ] -> Onehot,GM,TF-MultiHead,encoded,decoded,True,centroid,Onehot -> [ [TF-SFT]-ENC => GM => DEC-BIN ] -> Onehot
Val,0.5198504564395641,0.00036144256591796875,0,0,npl08,19.556086778640747,0.20967745780944824,Electricity,KNeighborsClassifier,10,onehot,onehot,Onehot -> [ TF-MultiHead-Encoded => GM => Decoded-Binary ] -> Onehot,GM,TF-MultiHead,encoded,decoded,True,centroid,Onehot -> [ [TF-SFT]-ENC => GM => DEC-BIN ] -> Onehot
Test,0.5250548461295822,0.00036144256591796875,0,0,npl08,19.556086778640747,0.20816755294799805,Electricity,KNeighborsClassifier,10,onehot,onehot,Onehot -> [ TF-MultiHead-Encoded => GM => Decoded-Binary ] -> Onehot,GM,TF-MultiHead,encoded,decoded,True,centroid,Onehot -> [ [TF-SFT]-ENC => GM => DEC-BIN ] -> Onehot
Train,0.85,0.0004878044128417969,0,0,npl08,19.545701265335083,0.003196239471435547,Electricity,KNeighborsClassifier,10,onehot,onehot,Onehot -> [ TF-MultiHead-Encoded => GM => Encoded ] -> Onehot,GM,TF-MultiHead,encoded,encoded,False,centroid,Onehot -> [ [TF-SFT]-ENC => GM => ENC ] -> Onehot
Train - Original,0.498788586275305,0.0004878044128417969,0,0,npl08,19.545701265335083,0.48294925689697266,Electricity,KNeighborsClassifier,10,onehot,onehot,Onehot -> [ TF-MultiHead-Encoded => GM => Encoded ] -> Onehot,GM,TF-MultiHead,encoded,encoded,False,centroid,Onehot -> [ [TF-SFT]-ENC => GM => ENC ] -> Onehot
Val,0.5211324457041665,0.0004878044128417969,0,0,npl08,19.545701265335083,0.10559344291687012,Electricity,KNeighborsClassifier,10,onehot,onehot,Onehot -> [ TF-MultiHead-Encoded => GM => Encoded ] -> Onehot,GM,TF-MultiHead,encoded,encoded,False,centroid,Onehot -> [ [TF-SFT]-ENC => GM => ENC ] -> Onehot
Test,0.5038898221886707,0.0004878044128417969,0,0,npl08,19.545701265335083,0.10603117942810059,Electricity,KNeighborsClassifier,10,onehot,onehot,Onehot -> [ TF-MultiHead-Encoded => GM => Encoded ] -> Onehot,GM,TF-MultiHead,encoded,encoded,False,centroid,Onehot -> [ [TF-SFT]-ENC => GM => ENC ] -> Onehot
Train,0.7,0.00042891502380371094,0,0,npl08,19.64059543609619,0.011870145797729492,Electricity,KNeighborsClassifier,10,onehot,onehot,Onehot -> [ TF-MultiHead-Encoded => GM => Decoded ] -> Onehot,GM,TF-MultiHead,encoded,decoded,False,centroid,Onehot -> [ [TF-SFT]-ENC => GM => DEC ] -> Onehot
Train - Original,0.5,0.00042891502380371094,0,0,npl08,19.64059543609619,0.606544017791748,Electricity,KNeighborsClassifier,10,onehot,onehot,Onehot -> [ TF-MultiHead-Encoded => GM => Decoded ] -> Onehot,GM,TF-MultiHead,encoded,decoded,False,centroid,Onehot -> [ [TF-SFT]-ENC => GM => DEC ] -> Onehot
Val,0.5,0.00042891502380371094,0,0,npl08,19.64059543609619,0.20381665229797363,Electricity,KNeighborsClassifier,10,onehot,onehot,Onehot -> [ TF-MultiHead-Encoded => GM => Decoded ] -> Onehot,GM,TF-MultiHead,encoded,decoded,False,centroid,Onehot -> [ [TF-SFT]-ENC => GM => DEC ] -> Onehot
Test,0.5,0.00042891502380371094,0,0,npl08,19.64059543609619,0.20548748970031738,Electricity,KNeighborsClassifier,10,onehot,onehot,Onehot -> [ TF-MultiHead-Encoded => GM => Decoded ] -> Onehot,GM,TF-MultiHead,encoded,decoded,False,centroid,Onehot -> [ [TF-SFT]-ENC => GM => DEC ] -> Onehot
Train,0.8,0.00036215782165527344,0,0,npl08,19.55848503112793,0.02195453643798828,Electricity,KNeighborsClassifier,10,onehot,onehot,Onehot -> [ TF-MultiHead-Encoded => GM => Decoded-Binary ] -> Onehot,GM,TF-MultiHead,encoded,decoded,True,centroid,Onehot -> [ [TF-SFT]-ENC => GM => DEC-BIN ] -> Onehot
Train - Original,0.5216405688449239,0.00036215782165527344,0,0,npl08,19.55848503112793,0.6043674945831299,Electricity,KNeighborsClassifier,10,onehot,onehot,Onehot -> [ TF-MultiHead-Encoded => GM => Decoded-Binary ] -> Onehot,GM,TF-MultiHead,encoded,decoded,True,centroid,Onehot -> [ [TF-SFT]-ENC => GM => DEC-BIN ] -> Onehot
Val,0.5192386986045897,0.00036215782165527344,0,0,npl08,19.55848503112793,0.2103273868560791,Electricity,KNeighborsClassifier,10,onehot,onehot,Onehot -> [ TF-MultiHead-Encoded => GM => Decoded-Binary ] -> Onehot,GM,TF-MultiHead,encoded,decoded,True,centroid,Onehot -> [ [TF-SFT]-ENC => GM => DEC-BIN ] -> Onehot
Test,0.5197182468377086,0.00036215782165527344,0,0,npl08,19.55848503112793,0.20796871185302734,Electricity,KNeighborsClassifier,10,onehot,onehot,Onehot -> [ TF-MultiHead-Encoded => GM => Decoded-Binary ] -> Onehot,GM,TF-MultiHead,encoded,decoded,True,centroid,Onehot -> [ [TF-SFT]-ENC => GM => DEC-BIN ] -> Onehot
Train,0.6,0.0005829334259033203,0,0,npl08,19.5452880859375,0.003742218017578125,Electricity,KNeighborsClassifier,10,onehot,onehot,Onehot -> [ TF-MultiHead-Encoded => GM => Encoded ] -> Onehot,GM,TF-MultiHead,encoded,encoded,False,centroid,Onehot -> [ [TF-SFT]-ENC => GM => ENC ] -> Onehot
Train - Original,0.6112598652285499,0.0005829334259033203,0,0,npl08,19.5452880859375,0.47426438331604004,Electricity,KNeighborsClassifier,10,onehot,onehot,Onehot -> [ TF-MultiHead-Encoded => GM => Encoded ] -> Onehot,GM,TF-MultiHead,encoded,encoded,False,centroid,Onehot -> [ [TF-SFT]-ENC => GM => ENC ] -> Onehot
Val,0.5962858104254167,0.0005829334259033203,0,0,npl08,19.5452880859375,0.10599994659423828,Electricity,KNeighborsClassifier,10,onehot,onehot,Onehot -> [ TF-MultiHead-Encoded => GM => Encoded ] -> Onehot,GM,TF-MultiHead,encoded,encoded,False,centroid,Onehot -> [ [TF-SFT]-ENC => GM => ENC ] -> Onehot
Test,0.599509663196918,0.0005829334259033203,0,0,npl08,19.5452880859375,0.10601067543029785,Electricity,KNeighborsClassifier,10,onehot,onehot,Onehot -> [ TF-MultiHead-Encoded => GM => Encoded ] -> Onehot,GM,TF-MultiHead,encoded,encoded,False,centroid,Onehot -> [ [TF-SFT]-ENC => GM => ENC ] -> Onehot
Train,0.8500000000000001,0.00046324729919433594,0,0,npl08,20.157286882400513,0.0047664642333984375,Electricity,KNeighborsClassifier,10,onehot,onehot,Onehot -> [ TF-MultiHead-Encoded => GM => Decoded ] -> Onehot,GM,TF-MultiHead,encoded,decoded,False,centroid,Onehot -> [ [TF-SFT]-ENC => GM => DEC ] -> Onehot
Train - Original,0.5,0.00046324729919433594,0,0,npl08,20.157286882400513,0.6232478618621826,Electricity,KNeighborsClassifier,10,onehot,onehot,Onehot -> [ TF-MultiHead-Encoded => GM => Decoded ] -> Onehot,GM,TF-MultiHead,encoded,decoded,False,centroid,Onehot -> [ [TF-SFT]-ENC => GM => DEC ] -> Onehot
Val,0.5,0.00046324729919433594,0,0,npl08,20.157286882400513,0.22741270065307617,Electricity,KNeighborsClassifier,10,onehot,onehot,Onehot -> [ TF-MultiHead-Encoded => GM => Decoded ] -> Onehot,GM,TF-MultiHead,encoded,decoded,False,centroid,Onehot -> [ [TF-SFT]-ENC => GM => DEC ] -> Onehot
Test,0.5,0.00046324729919433594,0,0,npl08,20.157286882400513,0.21199917793273926,Electricity,KNeighborsClassifier,10,onehot,onehot,Onehot -> [ TF-MultiHead-Encoded => GM => Decoded ] -> Onehot,GM,TF-MultiHead,encoded,decoded,False,centroid,Onehot -> [ [TF-SFT]-ENC => GM => DEC ] -> Onehot
Train,0.8,0.0006048679351806641,0,0,npl08,20.168596029281616,0.025864839553833008,Electricity,KNeighborsClassifier,10,onehot,onehot,Onehot -> [ TF-MultiHead-Encoded => GM => Decoded-Binary ] -> Onehot,GM,TF-MultiHead,encoded,decoded,True,centroid,Onehot -> [ [TF-SFT]-ENC => GM => DEC-BIN ] -> Onehot
Train - Original,0.5303256350137955,0.0006048679351806641,0,0,npl08,20.168596029281616,0.6219236850738525,Electricity,KNeighborsClassifier,10,onehot,onehot,Onehot -> [ TF-MultiHead-Encoded => GM => Decoded-Binary ] -> Onehot,GM,TF-MultiHead,encoded,decoded,True,centroid,Onehot -> [ [TF-SFT]-ENC => GM => DEC-BIN ] -> Onehot
Val,0.5342094006757776,0.0006048679351806641,0,0,npl08,20.168596029281616,0.20671963691711426,Electricity,KNeighborsClassifier,10,onehot,onehot,Onehot -> [ TF-MultiHead-Encoded => GM => Decoded-Binary ] -> Onehot,GM,TF-MultiHead,encoded,decoded,True,centroid,Onehot -> [ [TF-SFT]-ENC => GM => DEC-BIN ] -> Onehot
Test,0.5373840611299543,0.0006048679351806641,0,0,npl08,20.168596029281616,0.20779824256896973,Electricity,KNeighborsClassifier,10,onehot,onehot,Onehot -> [ TF-MultiHead-Encoded => GM => Decoded-Binary ] -> Onehot,GM,TF-MultiHead,encoded,decoded,True,centroid,Onehot -> [ [TF-SFT]-ENC => GM => DEC-BIN ] -> Onehot
Train,0.85,0.00040149688720703125,0,0,npl08,19.61353635787964,0.003397703170776367,Electricity,KNeighborsClassifier,10,onehot,onehot,Onehot -> [ TF-MultiHead-Encoded => GM => Encoded ] -> Onehot,GM,TF-MultiHead,encoded,encoded,False,centroid,Onehot -> [ [TF-SFT]-ENC => GM => ENC ] -> Onehot
Train - Original,0.5841930931544088,0.00040149688720703125,0,0,npl08,19.61353635787964,0.48156094551086426,Electricity,KNeighborsClassifier,10,onehot,onehot,Onehot -> [ TF-MultiHead-Encoded => GM => Encoded ] -> Onehot,GM,TF-MultiHead,encoded,encoded,False,centroid,Onehot -> [ [TF-SFT]-ENC => GM => ENC ] -> Onehot
Val,0.572347651035966,0.00040149688720703125,0,0,npl08,19.61353635787964,0.10573196411132812,Electricity,KNeighborsClassifier,10,onehot,onehot,Onehot -> [ TF-MultiHead-Encoded => GM => Encoded ] -> Onehot,GM,TF-MultiHead,encoded,encoded,False,centroid,Onehot -> [ [TF-SFT]-ENC => GM => ENC ] -> Onehot
Test,0.5721964678738132,0.00040149688720703125,0,0,npl08,19.61353635787964,0.10540962219238281,Electricity,KNeighborsClassifier,10,onehot,onehot,Onehot -> [ TF-MultiHead-Encoded => GM => Encoded ] -> Onehot,GM,TF-MultiHead,encoded,encoded,False,centroid,Onehot -> [ [TF-SFT]-ENC => GM => ENC ] -> Onehot
Train,0.7,0.0004558563232421875,0,0,npl08,19.555243015289307,0.005245685577392578,Electricity,KNeighborsClassifier,10,onehot,onehot,Onehot -> [ TF-MultiHead-Encoded => GM => Decoded ] -> Onehot,GM,TF-MultiHead,encoded,decoded,False,centroid,Onehot -> [ [TF-SFT]-ENC => GM => DEC ] -> Onehot
Train - Original,0.5,0.0004558563232421875,0,0,npl08,19.555243015289307,0.5951249599456787,Electricity,KNeighborsClassifier,10,onehot,onehot,Onehot -> [ TF-MultiHead-Encoded => GM => Decoded ] -> Onehot,GM,TF-MultiHead,encoded,decoded,False,centroid,Onehot -> [ [TF-SFT]-ENC => GM => DEC ] -> Onehot
Val,0.5,0.0004558563232421875,0,0,npl08,19.555243015289307,0.2185375690460205,Electricity,KNeighborsClassifier,10,onehot,onehot,Onehot -> [ TF-MultiHead-Encoded => GM => Decoded ] -> Onehot,GM,TF-MultiHead,encoded,decoded,False,centroid,Onehot -> [ [TF-SFT]-ENC => GM => DEC ] -> Onehot
Test,0.5,0.0004558563232421875,0,0,npl08,19.555243015289307,0.22843360900878906,Electricity,KNeighborsClassifier,10,onehot,onehot,Onehot -> [ TF-MultiHead-Encoded => GM => Decoded ] -> Onehot,GM,TF-MultiHead,encoded,decoded,False,centroid,Onehot -> [ [TF-SFT]-ENC => GM => DEC ] -> Onehot
Train,0.6,0.0005369186401367188,0,0,npl08,20.19727325439453,0.025146484375,Electricity,KNeighborsClassifier,10,onehot,onehot,Onehot -> [ TF-MultiHead-Encoded => GM => Decoded-Binary ] -> Onehot,GM,TF-MultiHead,encoded,decoded,True,centroid,Onehot -> [ [TF-SFT]-ENC => GM => DEC-BIN ] -> Onehot
Train - Original,0.5589479883899447,0.0005369186401367188,0,0,npl08,20.19727325439453,0.5703232288360596,Electricity,KNeighborsClassifier,10,onehot,onehot,Onehot -> [ TF-MultiHead-Encoded => GM => Decoded-Binary ] -> Onehot,GM,TF-MultiHead,encoded,decoded,True,centroid,Onehot -> [ [TF-SFT]-ENC => GM => DEC-BIN ] -> Onehot
Val,0.5469267873384467,0.0005369186401367188,0,0,npl08,20.19727325439453,0.2058393955230713,Electricity,KNeighborsClassifier,10,onehot,onehot,Onehot -> [ TF-MultiHead-Encoded => GM => Decoded-Binary ] -> Onehot,GM,TF-MultiHead,encoded,decoded,True,centroid,Onehot -> [ [TF-SFT]-ENC => GM => DEC-BIN ] -> Onehot
Test,0.5564131871714991,0.0005369186401367188,0,0,npl08,20.19727325439453,0.20776009559631348,Electricity,KNeighborsClassifier,10,onehot,onehot,Onehot -> [ TF-MultiHead-Encoded => GM => Decoded-Binary ] -> Onehot,GM,TF-MultiHead,encoded,decoded,True,centroid,Onehot -> [ [TF-SFT]-ENC => GM => DEC-BIN ] -> Onehot
Train,0.7,0.0004177093505859375,0,0,npl08,19.578624486923218,0.002912282943725586,Electricity,KNeighborsClassifier,10,onehot,onehot,Onehot -> [ TF-MultiHead-Encoded => GM => Encoded ] -> Onehot,GM,TF-MultiHead,encoded,encoded,False,centroid,Onehot -> [ [TF-SFT]-ENC => GM => ENC ] -> Onehot
Train - Original,0.5956329809324246,0.0004177093505859375,0,0,npl08,19.578624486923218,0.4719729423522949,Electricity,KNeighborsClassifier,10,onehot,onehot,Onehot -> [ TF-MultiHead-Encoded => GM => Encoded ] -> Onehot,GM,TF-MultiHead,encoded,encoded,False,centroid,Onehot -> [ [TF-SFT]-ENC => GM => ENC ] -> Onehot
Val,0.6041473637357043,0.0004177093505859375,0,0,npl08,19.578624486923218,0.10523581504821777,Electricity,KNeighborsClassifier,10,onehot,onehot,Onehot -> [ TF-MultiHead-Encoded => GM => Encoded ] -> Onehot,GM,TF-MultiHead,encoded,encoded,False,centroid,Onehot -> [ [TF-SFT]-ENC => GM => ENC ] -> Onehot
Test,0.6066672160140065,0.0004177093505859375,0,0,npl08,19.578624486923218,0.11354351043701172,Electricity,KNeighborsClassifier,10,onehot,onehot,Onehot -> [ TF-MultiHead-Encoded => GM => Encoded ] -> Onehot,GM,TF-MultiHead,encoded,encoded,False,centroid,Onehot -> [ [TF-SFT]-ENC => GM => ENC ] -> Onehot
Train,0.75,0.00041365623474121094,0,0,npl08,19.669554471969604,0.009430408477783203,Electricity,KNeighborsClassifier,10,onehot,onehot,Onehot -> [ TF-MultiHead-Encoded => GM => Decoded ] -> Onehot,GM,TF-MultiHead,encoded,decoded,False,centroid,Onehot -> [ [TF-SFT]-ENC => GM => DEC ] -> Onehot
Train - Original,0.5,0.00041365623474121094,0,0,npl08,19.669554471969604,0.6153795719146729,Electricity,KNeighborsClassifier,10,onehot,onehot,Onehot -> [ TF-MultiHead-Encoded => GM => Decoded ] -> Onehot,GM,TF-MultiHead,encoded,decoded,False,centroid,Onehot -> [ [TF-SFT]-ENC => GM => DEC ] -> Onehot
Val,0.5,0.00041365623474121094,0,0,npl08,19.669554471969604,0.20720648765563965,Electricity,KNeighborsClassifier,10,onehot,onehot,Onehot -> [ TF-MultiHead-Encoded => GM => Decoded ] -> Onehot,GM,TF-MultiHead,encoded,decoded,False,centroid,Onehot -> [ [TF-SFT]-ENC => GM => DEC ] -> Onehot
Test,0.5,0.00041365623474121094,0,0,npl08,19.669554471969604,0.16604042053222656,Electricity,KNeighborsClassifier,10,onehot,onehot,Onehot -> [ TF-MultiHead-Encoded => GM => Decoded ] -> Onehot,GM,TF-MultiHead,encoded,decoded,False,centroid,Onehot -> [ [TF-SFT]-ENC => GM => DEC ] -> Onehot
Train,0.75,0.0004639625549316406,0,0,npl08,19.62417221069336,0.024021148681640625,Electricity,KNeighborsClassifier,10,onehot,onehot,Onehot -> [ TF-MultiHead-Encoded => GM => Decoded-Binary ] -> Onehot,GM,TF-MultiHead,encoded,decoded,True,centroid,Onehot -> [ [TF-SFT]-ENC => GM => DEC-BIN ] -> Onehot
Train - Original,0.5660558768328764,0.0004639625549316406,0,0,npl08,19.62417221069336,0.6181070804595947,Electricity,KNeighborsClassifier,10,onehot,onehot,Onehot -> [ TF-MultiHead-Encoded => GM => Decoded-Binary ] -> Onehot,GM,TF-MultiHead,encoded,decoded,True,centroid,Onehot -> [ [TF-SFT]-ENC => GM => DEC-BIN ] -> Onehot
Val,0.5687785468532081,0.0004639625549316406,0,0,npl08,19.62417221069336,0.2066497802734375,Electricity,KNeighborsClassifier,10,onehot,onehot,Onehot -> [ TF-MultiHead-Encoded => GM => Decoded-Binary ] -> Onehot,GM,TF-MultiHead,encoded,decoded,True,centroid,Onehot -> [ [TF-SFT]-ENC => GM => DEC-BIN ] -> Onehot
Test,0.566187316810383,0.0004639625549316406,0,0,npl08,19.62417221069336,0.20891189575195312,Electricity,KNeighborsClassifier,10,onehot,onehot,Onehot -> [ TF-MultiHead-Encoded => GM => Decoded-Binary ] -> Onehot,GM,TF-MultiHead,encoded,decoded,True,centroid,Onehot -> [ [TF-SFT]-ENC => GM => DEC-BIN ] -> Onehot
Train,0.85,0.00034809112548828125,0,0,npl08,19.601285934448242,0.002768993377685547,Electricity,KNeighborsClassifier,10,onehot,onehot,Onehot -> [ TF-MultiHead-Encoded => GM => Encoded ] -> Onehot,GM,TF-MultiHead,encoded,encoded,False,centroid,Onehot -> [ [TF-SFT]-ENC => GM => ENC ] -> Onehot
Train - Original,0.5794531459968058,0.00034809112548828125,0,0,npl08,19.601285934448242,0.465972900390625,Electricity,KNeighborsClassifier,10,onehot,onehot,Onehot -> [ TF-MultiHead-Encoded => GM => Encoded ] -> Onehot,GM,TF-MultiHead,encoded,encoded,False,centroid,Onehot -> [ [TF-SFT]-ENC => GM => ENC ] -> Onehot
Val,0.5836355355020658,0.00034809112548828125,0,0,npl08,19.601285934448242,0.11103081703186035,Electricity,KNeighborsClassifier,10,onehot,onehot,Onehot -> [ TF-MultiHead-Encoded => GM => Encoded ] -> Onehot,GM,TF-MultiHead,encoded,encoded,False,centroid,Onehot -> [ [TF-SFT]-ENC => GM => ENC ] -> Onehot
Test,0.5969507678458141,0.00034809112548828125,0,0,npl08,19.601285934448242,0.11430954933166504,Electricity,KNeighborsClassifier,10,onehot,onehot,Onehot -> [ TF-MultiHead-Encoded => GM => Encoded ] -> Onehot,GM,TF-MultiHead,encoded,encoded,False,centroid,Onehot -> [ [TF-SFT]-ENC => GM => ENC ] -> Onehot
Train,0.625,0.0006530284881591797,0,0,npl23,109.46918153762817,0.006470918655395508,Electricity,KNeighborsClassifier,20,onehot,onehot,Onehot -> [ GM => Original ] -> Onehot,GM,N/A,original,original,False,centroid,Onehot -> [ GM => ORI ] -> Onehot
Train - Original,0.53777487959302,0.0006530284881591797,0,0,npl23,109.46918153762817,0.7008569240570068,Electricity,KNeighborsClassifier,20,onehot,onehot,Onehot -> [ GM => Original ] -> Onehot,GM,N/A,original,original,False,centroid,Onehot -> [ GM => ORI ] -> Onehot
Val,0.5471718448578586,0.0006530284881591797,0,0,npl23,109.46918153762817,0.23976659774780273,Electricity,KNeighborsClassifier,20,onehot,onehot,Onehot -> [ GM => Original ] -> Onehot,GM,N/A,original,original,False,centroid,Onehot -> [ GM => ORI ] -> Onehot
Test,0.5453956718517967,0.0006530284881591797,0,0,npl23,109.46918153762817,0.23565244674682617,Electricity,KNeighborsClassifier,20,onehot,onehot,Onehot -> [ GM => Original ] -> Onehot,GM,N/A,original,original,False,centroid,Onehot -> [ GM => ORI ] -> Onehot
Train,0.6499999999999999,0.0006642341613769531,0,0,npl23,109.23108720779419,0.007065773010253906,Electricity,KNeighborsClassifier,20,onehot,onehot,Onehot -> [ GM => Original ] -> Onehot,GM,N/A,original,original,False,centroid,Onehot -> [ GM => ORI ] -> Onehot
Train - Original,0.53037110224014,0.0006642341613769531,0,0,npl23,109.23108720779419,0.6855716705322266,Electricity,KNeighborsClassifier,20,onehot,onehot,Onehot -> [ GM => Original ] -> Onehot,GM,N/A,original,original,False,centroid,Onehot -> [ GM => ORI ] -> Onehot
Val,0.5210175805292143,0.0006642341613769531,0,0,npl23,109.23108720779419,0.18610501289367676,Electricity,KNeighborsClassifier,20,onehot,onehot,Onehot -> [ GM => Original ] -> Onehot,GM,N/A,original,original,False,centroid,Onehot -> [ GM => ORI ] -> Onehot
Test,0.526979555418514,0.0006642341613769531,0,0,npl23,109.23108720779419,0.23861217498779297,Electricity,KNeighborsClassifier,20,onehot,onehot,Onehot -> [ GM => Original ] -> Onehot,GM,N/A,original,original,False,centroid,Onehot -> [ GM => ORI ] -> Onehot
Train,0.675,0.00066375732421875,0,0,npl23,108.52999925613403,0.0067005157470703125,Electricity,KNeighborsClassifier,20,onehot,onehot,Onehot -> [ GM => Original ] -> Onehot,GM,N/A,original,original,False,centroid,Onehot -> [ GM => ORI ] -> Onehot
Train - Original,0.5237037515510936,0.00066375732421875,0,0,npl23,108.52999925613403,0.6833624839782715,Electricity,KNeighborsClassifier,20,onehot,onehot,Onehot -> [ GM => Original ] -> Onehot,GM,N/A,original,original,False,centroid,Onehot -> [ GM => ORI ] -> Onehot
Val,0.5311646097250802,0.00066375732421875,0,0,npl23,108.52999925613403,0.5451323986053467,Electricity,KNeighborsClassifier,20,onehot,onehot,Onehot -> [ GM => Original ] -> Onehot,GM,N/A,original,original,False,centroid,Onehot -> [ GM => ORI ] -> Onehot
Test,0.5196779761335162,0.00066375732421875,0,0,npl23,108.52999925613403,0.22487592697143555,Electricity,KNeighborsClassifier,20,onehot,onehot,Onehot -> [ GM => Original ] -> Onehot,GM,N/A,original,original,False,centroid,Onehot -> [ GM => ORI ] -> Onehot
Train,0.6499999999999999,0.001789093017578125,0,0,npl23,109.60205960273743,0.006682872772216797,Electricity,KNeighborsClassifier,20,onehot,onehot,Onehot -> [ GM => Original ] -> Onehot,GM,N/A,original,original,False,centroid,Onehot -> [ GM => ORI ] -> Onehot
Train - Original,0.5776586898557903,0.001789093017578125,0,0,npl23,109.60205960273743,0.6852550506591797,Electricity,KNeighborsClassifier,20,onehot,onehot,Onehot -> [ GM => Original ] -> Onehot,GM,N/A,original,original,False,centroid,Onehot -> [ GM => ORI ] -> Onehot
Val,0.5704022079629341,0.001789093017578125,0,0,npl23,109.60205960273743,0.23411822319030762,Electricity,KNeighborsClassifier,20,onehot,onehot,Onehot -> [ GM => Original ] -> Onehot,GM,N/A,original,original,False,centroid,Onehot -> [ GM => ORI ] -> Onehot
Test,0.5868841550506285,0.001789093017578125,0,0,npl23,109.60205960273743,0.23294520378112793,Electricity,KNeighborsClassifier,20,onehot,onehot,Onehot -> [ GM => Original ] -> Onehot,GM,N/A,original,original,False,centroid,Onehot -> [ GM => ORI ] -> Onehot
Train,0.725,0.0006847381591796875,0,0,npl23,107.49473261833191,0.0064198970794677734,Electricity,KNeighborsClassifier,20,onehot,onehot,Onehot -> [ GM => Original ] -> Onehot,GM,N/A,original,original,False,centroid,Onehot -> [ GM => ORI ] -> Onehot
Train - Original,0.5956322607803831,0.0006847381591796875,0,0,npl23,107.49473261833191,0.6836037635803223,Electricity,KNeighborsClassifier,20,onehot,onehot,Onehot -> [ GM => Original ] -> Onehot,GM,N/A,original,original,False,centroid,Onehot -> [ GM => ORI ] -> Onehot
Val,0.5934831533143985,0.0006847381591796875,0,0,npl23,107.49473261833191,0.23218178749084473,Electricity,KNeighborsClassifier,20,onehot,onehot,Onehot -> [ GM => Original ] -> Onehot,GM,N/A,original,original,False,centroid,Onehot -> [ GM => ORI ] -> Onehot
Test,0.5965040687144918,0.0006847381591796875,0,0,npl23,107.49473261833191,0.233107328414917,Electricity,KNeighborsClassifier,20,onehot,onehot,Onehot -> [ GM => Original ] -> Onehot,GM,N/A,original,original,False,centroid,Onehot -> [ GM => ORI ] -> Onehot
Train,0.725,0.0003807544708251953,0,0,npl08,19.632064819335938,0.004777669906616211,Electricity,KNeighborsClassifier,20,onehot,onehot,Onehot -> [ TF-MultiHead-Encoded => GM => Decoded ] -> Onehot,GM,TF-MultiHead,encoded,decoded,False,centroid,Onehot -> [ [TF-SFT]-ENC => GM => DEC ] -> Onehot
Train - Original,0.4959972444134836,0.0003807544708251953,0,0,npl08,19.632064819335938,0.6349461078643799,Electricity,KNeighborsClassifier,20,onehot,onehot,Onehot -> [ TF-MultiHead-Encoded => GM => Decoded ] -> Onehot,GM,TF-MultiHead,encoded,decoded,False,centroid,Onehot -> [ [TF-SFT]-ENC => GM => DEC ] -> Onehot
Val,0.49493383889957654,0.0003807544708251953,0,0,npl08,19.632064819335938,0.23328351974487305,Electricity,KNeighborsClassifier,20,onehot,onehot,Onehot -> [ TF-MultiHead-Encoded => GM => Decoded ] -> Onehot,GM,TF-MultiHead,encoded,decoded,False,centroid,Onehot -> [ [TF-SFT]-ENC => GM => DEC ] -> Onehot
Test,0.4910271643399149,0.0003807544708251953,0,0,npl08,19.632064819335938,0.2264842987060547,Electricity,KNeighborsClassifier,20,onehot,onehot,Onehot -> [ TF-MultiHead-Encoded => GM => Decoded ] -> Onehot,GM,TF-MultiHead,encoded,decoded,False,centroid,Onehot -> [ [TF-SFT]-ENC => GM => DEC ] -> Onehot
Train,0.675,0.0005452632904052734,0,0,npl08,19.661109685897827,0.028464794158935547,Electricity,KNeighborsClassifier,20,onehot,onehot,Onehot -> [ TF-MultiHead-Encoded => GM => Decoded-Binary ] -> Onehot,GM,TF-MultiHead,encoded,decoded,True,centroid,Onehot -> [ [TF-SFT]-ENC => GM => DEC-BIN ] -> Onehot
Train - Original,0.53777487959302,0.0005452632904052734,0,0,npl08,19.661109685897827,0.655778169631958,Electricity,KNeighborsClassifier,20,onehot,onehot,Onehot -> [ TF-MultiHead-Encoded => GM => Decoded-Binary ] -> Onehot,GM,TF-MultiHead,encoded,decoded,True,centroid,Onehot -> [ [TF-SFT]-ENC => GM => DEC-BIN ] -> Onehot
Val,0.5471718448578586,0.0005452632904052734,0,0,npl08,19.661109685897827,0.22602462768554688,Electricity,KNeighborsClassifier,20,onehot,onehot,Onehot -> [ TF-MultiHead-Encoded => GM => Decoded-Binary ] -> Onehot,GM,TF-MultiHead,encoded,decoded,True,centroid,Onehot -> [ [TF-SFT]-ENC => GM => DEC-BIN ] -> Onehot
Test,0.5453956718517967,0.0005452632904052734,0,0,npl08,19.661109685897827,0.22755742073059082,Electricity,KNeighborsClassifier,20,onehot,onehot,Onehot -> [ TF-MultiHead-Encoded => GM => Decoded-Binary ] -> Onehot,GM,TF-MultiHead,encoded,decoded,True,centroid,Onehot -> [ [TF-SFT]-ENC => GM => DEC-BIN ] -> Onehot
Train,0.7,0.0004036426544189453,0,0,npl08,19.665756702423096,0.003740549087524414,Electricity,KNeighborsClassifier,20,onehot,onehot,Onehot -> [ TF-MultiHead-Encoded => GM => Encoded ] -> Onehot,GM,TF-MultiHead,encoded,encoded,False,centroid,Onehot -> [ [TF-SFT]-ENC => GM => ENC ] -> Onehot
Train - Original,0.5517926350107685,0.0004036426544189453,0,0,npl08,19.665756702423096,0.48775458335876465,Electricity,KNeighborsClassifier,20,onehot,onehot,Onehot -> [ TF-MultiHead-Encoded => GM => Encoded ] -> Onehot,GM,TF-MultiHead,encoded,encoded,False,centroid,Onehot -> [ [TF-SFT]-ENC => GM => ENC ] -> Onehot
Val,0.5592123996624124,0.0004036426544189453,0,0,npl08,19.665756702423096,0.10994267463684082,Electricity,KNeighborsClassifier,20,onehot,onehot,Onehot -> [ TF-MultiHead-Encoded => GM => Encoded ] -> Onehot,GM,TF-MultiHead,encoded,encoded,False,centroid,Onehot -> [ [TF-SFT]-ENC => GM => ENC ] -> Onehot
Test,0.5553855089260082,0.0004036426544189453,0,0,npl08,19.665756702423096,0.1051783561706543,Electricity,KNeighborsClassifier,20,onehot,onehot,Onehot -> [ TF-MultiHead-Encoded => GM => Encoded ] -> Onehot,GM,TF-MultiHead,encoded,encoded,False,centroid,Onehot -> [ [TF-SFT]-ENC => GM => ENC ] -> Onehot
Train,0.775,0.00041174888610839844,0,0,npl08,19.66560697555542,0.0047321319580078125,Electricity,KNeighborsClassifier,20,onehot,onehot,Onehot -> [ TF-MultiHead-Encoded => GM => Decoded ] -> Onehot,GM,TF-MultiHead,encoded,decoded,False,centroid,Onehot -> [ [TF-SFT]-ENC => GM => DEC ] -> Onehot
Train - Original,0.49865805159764875,0.00041174888610839844,0,0,npl08,19.66560697555542,0.6148829460144043,Electricity,KNeighborsClassifier,20,onehot,onehot,Onehot -> [ TF-MultiHead-Encoded => GM => Decoded ] -> Onehot,GM,TF-MultiHead,encoded,decoded,False,centroid,Onehot -> [ [TF-SFT]-ENC => GM => DEC ] -> Onehot
Val,0.4963494757665047,0.00041174888610839844,0,0,npl08,19.66560697555542,0.19437646865844727,Electricity,KNeighborsClassifier,20,onehot,onehot,Onehot -> [ TF-MultiHead-Encoded => GM => Decoded ] -> Onehot,GM,TF-MultiHead,encoded,decoded,False,centroid,Onehot -> [ [TF-SFT]-ENC => GM => DEC ] -> Onehot
Test,0.49603300337051176,0.00041174888610839844,0,0,npl08,19.66560697555542,0.19247126579284668,Electricity,KNeighborsClassifier,20,onehot,onehot,Onehot -> [ TF-MultiHead-Encoded => GM => Decoded ] -> Onehot,GM,TF-MultiHead,encoded,decoded,False,centroid,Onehot -> [ [TF-SFT]-ENC => GM => DEC ] -> Onehot
Train,0.7250000000000001,0.0005292892456054688,0,0,npl08,19.92807412147522,0.029451370239257812,Electricity,KNeighborsClassifier,20,onehot,onehot,Onehot -> [ TF-MultiHead-Encoded => GM => Decoded-Binary ] -> Onehot,GM,TF-MultiHead,encoded,decoded,True,centroid,Onehot -> [ [TF-SFT]-ENC => GM => DEC-BIN ] -> Onehot
Train - Original,0.53037110224014,0.0005292892456054688,0,0,npl08,19.92807412147522,0.6459436416625977,Electricity,KNeighborsClassifier,20,onehot,onehot,Onehot -> [ TF-MultiHead-Encoded => GM => Decoded-Binary ] -> Onehot,GM,TF-MultiHead,encoded,decoded,True,centroid,Onehot -> [ [TF-SFT]-ENC => GM => DEC-BIN ] -> Onehot
Val,0.5210175805292143,0.0005292892456054688,0,0,npl08,19.92807412147522,0.2603771686553955,Electricity,KNeighborsClassifier,20,onehot,onehot,Onehot -> [ TF-MultiHead-Encoded => GM => Decoded-Binary ] -> Onehot,GM,TF-MultiHead,encoded,decoded,True,centroid,Onehot -> [ [TF-SFT]-ENC => GM => DEC-BIN ] -> Onehot
Test,0.526979555418514,0.0005292892456054688,0,0,npl08,19.92807412147522,0.25702548027038574,Electricity,KNeighborsClassifier,20,onehot,onehot,Onehot -> [ TF-MultiHead-Encoded => GM => Decoded-Binary ] -> Onehot,GM,TF-MultiHead,encoded,decoded,True,centroid,Onehot -> [ [TF-SFT]-ENC => GM => DEC-BIN ] -> Onehot
Train,0.8,0.00046133995056152344,0,0,npl08,19.6440007686615,0.003946542739868164,Electricity,KNeighborsClassifier,20,onehot,onehot,Onehot -> [ TF-MultiHead-Encoded => GM => Encoded ] -> Onehot,GM,TF-MultiHead,encoded,encoded,False,centroid,Onehot -> [ [TF-SFT]-ENC => GM => ENC ] -> Onehot
Train - Original,0.5876520688511572,0.00046133995056152344,0,0,npl08,19.6440007686615,0.471843957901001,Electricity,KNeighborsClassifier,20,onehot,onehot,Onehot -> [ TF-MultiHead-Encoded => GM => Encoded ] -> Onehot,GM,TF-MultiHead,encoded,encoded,False,centroid,Onehot -> [ [TF-SFT]-ENC => GM => ENC ] -> Onehot
Val,0.6068137596519085,0.00046133995056152344,0,0,npl08,19.6440007686615,0.10701942443847656,Electricity,KNeighborsClassifier,20,onehot,onehot,Onehot -> [ TF-MultiHead-Encoded => GM => Encoded ] -> Onehot,GM,TF-MultiHead,encoded,encoded,False,centroid,Onehot -> [ [TF-SFT]-ENC => GM => ENC ] -> Onehot
Test,0.5998855231027138,0.00046133995056152344,0,0,npl08,19.6440007686615,0.10834145545959473,Electricity,KNeighborsClassifier,20,onehot,onehot,Onehot -> [ TF-MultiHead-Encoded => GM => Encoded ] -> Onehot,GM,TF-MultiHead,encoded,encoded,False,centroid,Onehot -> [ [TF-SFT]-ENC => GM => ENC ] -> Onehot
Train,0.7,0.00038170814514160156,0,0,npl08,19.67584776878357,0.005331754684448242,Electricity,KNeighborsClassifier,20,onehot,onehot,Onehot -> [ TF-MultiHead-Encoded => GM => Decoded ] -> Onehot,GM,TF-MultiHead,encoded,decoded,False,centroid,Onehot -> [ [TF-SFT]-ENC => GM => DEC ] -> Onehot
Train - Original,0.5,0.00038170814514160156,0,0,npl08,19.67584776878357,0.6653199195861816,Electricity,KNeighborsClassifier,20,onehot,onehot,Onehot -> [ TF-MultiHead-Encoded => GM => Decoded ] -> Onehot,GM,TF-MultiHead,encoded,decoded,False,centroid,Onehot -> [ [TF-SFT]-ENC => GM => DEC ] -> Onehot
Val,0.5,0.00038170814514160156,0,0,npl08,19.67584776878357,0.22715401649475098,Electricity,KNeighborsClassifier,20,onehot,onehot,Onehot -> [ TF-MultiHead-Encoded => GM => Decoded ] -> Onehot,GM,TF-MultiHead,encoded,decoded,False,centroid,Onehot -> [ [TF-SFT]-ENC => GM => DEC ] -> Onehot
Test,0.5,0.00038170814514160156,0,0,npl08,19.67584776878357,0.22968387603759766,Electricity,KNeighborsClassifier,20,onehot,onehot,Onehot -> [ TF-MultiHead-Encoded => GM => Decoded ] -> Onehot,GM,TF-MultiHead,encoded,decoded,False,centroid,Onehot -> [ [TF-SFT]-ENC => GM => DEC ] -> Onehot
Train,0.775,0.0003559589385986328,0,0,npl08,19.6783709526062,0.02926945686340332,Electricity,KNeighborsClassifier,20,onehot,onehot,Onehot -> [ TF-MultiHead-Encoded => GM => Decoded-Binary ] -> Onehot,GM,TF-MultiHead,encoded,decoded,True,centroid,Onehot -> [ [TF-SFT]-ENC => GM => DEC-BIN ] -> Onehot
Train - Original,0.52380722153169,0.0003559589385986328,0,0,npl08,19.6783709526062,0.671180248260498,Electricity,KNeighborsClassifier,20,onehot,onehot,Onehot -> [ TF-MultiHead-Encoded => GM => Decoded-Binary ] -> Onehot,GM,TF-MultiHead,encoded,decoded,True,centroid,Onehot -> [ [TF-SFT]-ENC => GM => DEC-BIN ] -> Onehot
Val,0.5313378598983304,0.0003559589385986328,0,0,npl08,19.6783709526062,0.5943710803985596,Electricity,KNeighborsClassifier,20,onehot,onehot,Onehot -> [ TF-MultiHead-Encoded => GM => Decoded-Binary ] -> Onehot,GM,TF-MultiHead,encoded,decoded,True,centroid,Onehot -> [ [TF-SFT]-ENC => GM => DEC-BIN ] -> Onehot
Test,0.5208911477106393,0.0003559589385986328,0,0,npl08,19.6783709526062,0.2311415672302246,Electricity,KNeighborsClassifier,20,onehot,onehot,Onehot -> [ TF-MultiHead-Encoded => GM => Decoded-Binary ] -> Onehot,GM,TF-MultiHead,encoded,decoded,True,centroid,Onehot -> [ [TF-SFT]-ENC => GM => DEC-BIN ] -> Onehot
Train,0.875,0.0005977153778076172,0,0,npl08,19.70230770111084,0.004323244094848633,Electricity,KNeighborsClassifier,20,onehot,onehot,Onehot -> [ TF-MultiHead-Encoded => GM => Encoded ] -> Onehot,GM,TF-MultiHead,encoded,encoded,False,centroid,Onehot -> [ [TF-SFT]-ENC => GM => ENC ] -> Onehot
Train - Original,0.5512760011911721,0.0005977153778076172,0,0,npl08,19.70230770111084,0.47669076919555664,Electricity,KNeighborsClassifier,20,onehot,onehot,Onehot -> [ TF-MultiHead-Encoded => GM => Encoded ] -> Onehot,GM,TF-MultiHead,encoded,encoded,False,centroid,Onehot -> [ [TF-SFT]-ENC => GM => ENC ] -> Onehot
Val,0.5436434507004693,0.0005977153778076172,0,0,npl08,19.70230770111084,0.10619735717773438,Electricity,KNeighborsClassifier,20,onehot,onehot,Onehot -> [ TF-MultiHead-Encoded => GM => Encoded ] -> Onehot,GM,TF-MultiHead,encoded,encoded,False,centroid,Onehot -> [ [TF-SFT]-ENC => GM => ENC ] -> Onehot
Test,0.5450983154529634,0.0005977153778076172,0,0,npl08,19.70230770111084,0.10915231704711914,Electricity,KNeighborsClassifier,20,onehot,onehot,Onehot -> [ TF-MultiHead-Encoded => GM => Encoded ] -> Onehot,GM,TF-MultiHead,encoded,encoded,False,centroid,Onehot -> [ [TF-SFT]-ENC => GM => ENC ] -> Onehot
Train,0.8,0.0003643035888671875,0,0,npl08,19.66924500465393,0.005253791809082031,Electricity,KNeighborsClassifier,20,onehot,onehot,Onehot -> [ TF-MultiHead-Encoded => GM => Decoded ] -> Onehot,GM,TF-MultiHead,encoded,decoded,False,centroid,Onehot -> [ [TF-SFT]-ENC => GM => DEC ] -> Onehot
Train - Original,0.5,0.0003643035888671875,0,0,npl08,19.66924500465393,0.6573152542114258,Electricity,KNeighborsClassifier,20,onehot,onehot,Onehot -> [ TF-MultiHead-Encoded => GM => Decoded ] -> Onehot,GM,TF-MultiHead,encoded,decoded,False,centroid,Onehot -> [ [TF-SFT]-ENC => GM => DEC ] -> Onehot
Val,0.5,0.0003643035888671875,0,0,npl08,19.66924500465393,0.23131203651428223,Electricity,KNeighborsClassifier,20,onehot,onehot,Onehot -> [ TF-MultiHead-Encoded => GM => Decoded ] -> Onehot,GM,TF-MultiHead,encoded,decoded,False,centroid,Onehot -> [ [TF-SFT]-ENC => GM => DEC ] -> Onehot
Test,0.5,0.0003643035888671875,0,0,npl08,19.66924500465393,0.22631311416625977,Electricity,KNeighborsClassifier,20,onehot,onehot,Onehot -> [ TF-MultiHead-Encoded => GM => Decoded ] -> Onehot,GM,TF-MultiHead,encoded,decoded,False,centroid,Onehot -> [ [TF-SFT]-ENC => GM => DEC ] -> Onehot
Train,0.7250000000000001,0.0005748271942138672,0,0,npl08,19.881588459014893,0.035561561584472656,Electricity,KNeighborsClassifier,20,onehot,onehot,Onehot -> [ TF-MultiHead-Encoded => GM => Decoded-Binary ] -> Onehot,GM,TF-MultiHead,encoded,decoded,True,centroid,Onehot -> [ [TF-SFT]-ENC => GM => DEC-BIN ] -> Onehot
Train - Original,0.5776586898557903,0.0005748271942138672,0,0,npl08,19.881588459014893,0.666039228439331,Electricity,KNeighborsClassifier,20,onehot,onehot,Onehot -> [ TF-MultiHead-Encoded => GM => Decoded-Binary ] -> Onehot,GM,TF-MultiHead,encoded,decoded,True,centroid,Onehot -> [ [TF-SFT]-ENC => GM => DEC-BIN ] -> Onehot
Val,0.5704022079629341,0.0005748271942138672,0,0,npl08,19.881588459014893,0.23323631286621094,Electricity,KNeighborsClassifier,20,onehot,onehot,Onehot -> [ TF-MultiHead-Encoded => GM => Decoded-Binary ] -> Onehot,GM,TF-MultiHead,encoded,decoded,True,centroid,Onehot -> [ [TF-SFT]-ENC => GM => DEC-BIN ] -> Onehot
Test,0.5868841550506285,0.0005748271942138672,0,0,npl08,19.881588459014893,0.2301938533782959,Electricity,KNeighborsClassifier,20,onehot,onehot,Onehot -> [ TF-MultiHead-Encoded => GM => Decoded-Binary ] -> Onehot,GM,TF-MultiHead,encoded,decoded,True,centroid,Onehot -> [ [TF-SFT]-ENC => GM => DEC-BIN ] -> Onehot
Train,0.8500000000000001,0.0005185604095458984,0,0,npl08,19.663302183151245,0.004347562789916992,Electricity,KNeighborsClassifier,20,onehot,onehot,Onehot -> [ TF-MultiHead-Encoded => GM => Encoded ] -> Onehot,GM,TF-MultiHead,encoded,encoded,False,centroid,Onehot -> [ [TF-SFT]-ENC => GM => ENC ] -> Onehot
Train - Original,0.6046914886556605,0.0005185604095458984,0,0,npl08,19.663302183151245,0.4829115867614746,Electricity,KNeighborsClassifier,20,onehot,onehot,Onehot -> [ TF-MultiHead-Encoded => GM => Encoded ] -> Onehot,GM,TF-MultiHead,encoded,encoded,False,centroid,Onehot -> [ [TF-SFT]-ENC => GM => ENC ] -> Onehot
Val,0.6202361518137535,0.0005185604095458984,0,0,npl08,19.663302183151245,0.10627985000610352,Electricity,KNeighborsClassifier,20,onehot,onehot,Onehot -> [ TF-MultiHead-Encoded => GM => Encoded ] -> Onehot,GM,TF-MultiHead,encoded,encoded,False,centroid,Onehot -> [ [TF-SFT]-ENC => GM => ENC ] -> Onehot
Test,0.6164423646036016,0.0005185604095458984,0,0,npl08,19.663302183151245,0.11121463775634766,Electricity,KNeighborsClassifier,20,onehot,onehot,Onehot -> [ TF-MultiHead-Encoded => GM => Encoded ] -> Onehot,GM,TF-MultiHead,encoded,encoded,False,centroid,Onehot -> [ [TF-SFT]-ENC => GM => ENC ] -> Onehot
Train,0.675,0.0005905628204345703,0,0,npl08,19.669976949691772,0.008300542831420898,Electricity,KNeighborsClassifier,20,onehot,onehot,Onehot -> [ TF-MultiHead-Encoded => GM => Decoded ] -> Onehot,GM,TF-MultiHead,encoded,decoded,False,centroid,Onehot -> [ [TF-SFT]-ENC => GM => DEC ] -> Onehot
Train - Original,0.5,0.0005905628204345703,0,0,npl08,19.669976949691772,0.6578207015991211,Electricity,KNeighborsClassifier,20,onehot,onehot,Onehot -> [ TF-MultiHead-Encoded => GM => Decoded ] -> Onehot,GM,TF-MultiHead,encoded,decoded,False,centroid,Onehot -> [ [TF-SFT]-ENC => GM => DEC ] -> Onehot
Val,0.5,0.0005905628204345703,0,0,npl08,19.669976949691772,0.22214555740356445,Electricity,KNeighborsClassifier,20,onehot,onehot,Onehot -> [ TF-MultiHead-Encoded => GM => Decoded ] -> Onehot,GM,TF-MultiHead,encoded,decoded,False,centroid,Onehot -> [ [TF-SFT]-ENC => GM => DEC ] -> Onehot
Test,0.5,0.0005905628204345703,0,0,npl08,19.669976949691772,0.22680282592773438,Electricity,KNeighborsClassifier,20,onehot,onehot,Onehot -> [ TF-MultiHead-Encoded => GM => Decoded ] -> Onehot,GM,TF-MultiHead,encoded,decoded,False,centroid,Onehot -> [ [TF-SFT]-ENC => GM => DEC ] -> Onehot
Train,0.8,0.0005519390106201172,0,0,npl08,19.6620135307312,0.030913591384887695,Electricity,KNeighborsClassifier,20,onehot,onehot,Onehot -> [ TF-MultiHead-Encoded => GM => Decoded-Binary ] -> Onehot,GM,TF-MultiHead,encoded,decoded,True,centroid,Onehot -> [ [TF-SFT]-ENC => GM => DEC-BIN ] -> Onehot
Train - Original,0.595092960480432,0.0005519390106201172,0,0,npl08,19.6620135307312,0.6535012722015381,Electricity,KNeighborsClassifier,20,onehot,onehot,Onehot -> [ TF-MultiHead-Encoded => GM => Decoded-Binary ] -> Onehot,GM,TF-MultiHead,encoded,decoded,True,centroid,Onehot -> [ [TF-SFT]-ENC => GM => DEC-BIN ] -> Onehot
Val,0.594002903834149,0.0005519390106201172,0,0,npl08,19.6620135307312,0.22620296478271484,Electricity,KNeighborsClassifier,20,onehot,onehot,Onehot -> [ TF-MultiHead-Encoded => GM => Decoded-Binary ] -> Onehot,GM,TF-MultiHead,encoded,decoded,True,centroid,Onehot -> [ [TF-SFT]-ENC => GM => DEC-BIN ] -> Onehot
Test,0.5966773789397951,0.0005519390106201172,0,0,npl08,19.6620135307312,0.2274026870727539,Electricity,KNeighborsClassifier,20,onehot,onehot,Onehot -> [ TF-MultiHead-Encoded => GM => Decoded-Binary ] -> Onehot,GM,TF-MultiHead,encoded,decoded,True,centroid,Onehot -> [ [TF-SFT]-ENC => GM => DEC-BIN ] -> Onehot
Train,0.725,0.0003857612609863281,0,0,npl08,19.663682460784912,0.0035791397094726562,Electricity,KNeighborsClassifier,20,onehot,onehot,Onehot -> [ TF-MultiHead-Encoded => GM => Encoded ] -> Onehot,GM,TF-MultiHead,encoded,encoded,False,centroid,Onehot -> [ [TF-SFT]-ENC => GM => ENC ] -> Onehot
Train - Original,0.6138189560226828,0.0003857612609863281,0,0,npl08,19.663682460784912,0.47963738441467285,Electricity,KNeighborsClassifier,20,onehot,onehot,Onehot -> [ TF-MultiHead-Encoded => GM => Encoded ] -> Onehot,GM,TF-MultiHead,encoded,encoded,False,centroid,Onehot -> [ [TF-SFT]-ENC => GM => ENC ] -> Onehot
Val,0.6074900156337129,0.0003857612609863281,0,0,npl08,19.663682460784912,0.10616350173950195,Electricity,KNeighborsClassifier,20,onehot,onehot,Onehot -> [ TF-MultiHead-Encoded => GM => Encoded ] -> Onehot,GM,TF-MultiHead,encoded,encoded,False,centroid,Onehot -> [ [TF-SFT]-ENC => GM => ENC ] -> Onehot
Test,0.6013977345624537,0.0003857612609863281,0,0,npl08,19.663682460784912,0.10518336296081543,Electricity,KNeighborsClassifier,20,onehot,onehot,Onehot -> [ TF-MultiHead-Encoded => GM => Encoded ] -> Onehot,GM,TF-MultiHead,encoded,encoded,False,centroid,Onehot -> [ [TF-SFT]-ENC => GM => ENC ] -> Onehot
Train,0.6166666666666667,0.0005171298980712891,0,0,silkworm,33.39111280441284,0.03979945182800293,Electricity,KNeighborsClassifier,30,onehot,onehot,Onehot -> [ GM => Original ] -> Onehot,GM,N/A,original,original,False,centroid,Onehot -> [ GM => ORI ] -> Onehot
Train - Original,0.5827320714772302,0.0005171298980712891,0,0,silkworm,33.39111280441284,0.49286532402038574,Electricity,KNeighborsClassifier,30,onehot,onehot,Onehot -> [ GM => Original ] -> Onehot,GM,N/A,original,original,False,centroid,Onehot -> [ GM => ORI ] -> Onehot
Val,0.5905240350395042,0.0005171298980712891,0,0,silkworm,33.39111280441284,0.1443157196044922,Electricity,KNeighborsClassifier,30,onehot,onehot,Onehot -> [ GM => Original ] -> Onehot,GM,N/A,original,original,False,centroid,Onehot -> [ GM => ORI ] -> Onehot
Test,0.592659656285774,0.0005171298980712891,0,0,silkworm,33.39111280441284,0.18846607208251953,Electricity,KNeighborsClassifier,30,onehot,onehot,Onehot -> [ GM => Original ] -> Onehot,GM,N/A,original,original,False,centroid,Onehot -> [ GM => ORI ] -> Onehot
Train,0.6666666666666667,0.0003719329833984375,0,0,silkworm,33.434553146362305,0.02783203125,Electricity,KNeighborsClassifier,30,onehot,onehot,Onehot -> [ GM => Original ] -> Onehot,GM,N/A,original,original,False,centroid,Onehot -> [ GM => ORI ] -> Onehot
Train - Original,0.5495546750659341,0.0003719329833984375,0,0,silkworm,33.434553146362305,0.4948747158050537,Electricity,KNeighborsClassifier,30,onehot,onehot,Onehot -> [ GM => Original ] -> Onehot,GM,N/A,original,original,False,centroid,Onehot -> [ GM => ORI ] -> Onehot
Val,0.5508864685545841,0.0003719329833984375,0,0,silkworm,33.434553146362305,0.19812369346618652,Electricity,KNeighborsClassifier,30,onehot,onehot,Onehot -> [ GM => Original ] -> Onehot,GM,N/A,original,original,False,centroid,Onehot -> [ GM => ORI ] -> Onehot
Test,0.5426330749628747,0.0003719329833984375,0,0,silkworm,33.434553146362305,0.23164033889770508,Electricity,KNeighborsClassifier,30,onehot,onehot,Onehot -> [ GM => Original ] -> Onehot,GM,N/A,original,original,False,centroid,Onehot -> [ GM => ORI ] -> Onehot
Train,0.65,0.0005240440368652344,0,0,silkworm,33.3247184753418,0.047537803649902344,Electricity,KNeighborsClassifier,30,onehot,onehot,Onehot -> [ GM => Original ] -> Onehot,GM,N/A,original,original,False,centroid,Onehot -> [ GM => ORI ] -> Onehot
Train - Original,0.5552042108697617,0.0005240440368652344,0,0,silkworm,33.3247184753418,0.5084812641143799,Electricity,KNeighborsClassifier,30,onehot,onehot,Onehot -> [ GM => Original ] -> Onehot,GM,N/A,original,original,False,centroid,Onehot -> [ GM => ORI ] -> Onehot
Val,0.5629933820294342,0.0005240440368652344,0,0,silkworm,33.3247184753418,0.24815654754638672,Electricity,KNeighborsClassifier,30,onehot,onehot,Onehot -> [ GM => Original ] -> Onehot,GM,N/A,original,original,False,centroid,Onehot -> [ GM => ORI ] -> Onehot
Test,0.5565687322126648,0.0005240440368652344,0,0,silkworm,33.3247184753418,0.24418377876281738,Electricity,KNeighborsClassifier,30,onehot,onehot,Onehot -> [ GM => Original ] -> Onehot,GM,N/A,original,original,False,centroid,Onehot -> [ GM => ORI ] -> Onehot
Train,0.75,0.0005278587341308594,0,0,silkworm,33.46946954727173,0.052397966384887695,Electricity,KNeighborsClassifier,30,onehot,onehot,Onehot -> [ GM => Original ] -> Onehot,GM,N/A,original,original,False,centroid,Onehot -> [ GM => ORI ] -> Onehot
Train - Original,0.599689983904073,0.0005278587341308594,0,0,silkworm,33.46946954727173,0.5334844589233398,Electricity,KNeighborsClassifier,30,onehot,onehot,Onehot -> [ GM => Original ] -> Onehot,GM,N/A,original,original,False,centroid,Onehot -> [ GM => ORI ] -> Onehot
Val,0.5991520797197094,0.0005278587341308594,0,0,silkworm,33.46946954727173,0.13916873931884766,Electricity,KNeighborsClassifier,30,onehot,onehot,Onehot -> [ GM => Original ] -> Onehot,GM,N/A,original,original,False,centroid,Onehot -> [ GM => ORI ] -> Onehot
Test,0.6078373258480329,0.0005278587341308594,0,0,silkworm,33.46946954727173,0.2841033935546875,Electricity,KNeighborsClassifier,30,onehot,onehot,Onehot -> [ GM => Original ] -> Onehot,GM,N/A,original,original,False,centroid,Onehot -> [ GM => ORI ] -> Onehot
Train,0.6666666666666667,0.0007874965667724609,0,0,silkworm,33.47732758522034,0.0485689640045166,Electricity,KNeighborsClassifier,30,onehot,onehot,Onehot -> [ GM => Original ] -> Onehot,GM,N/A,original,original,False,centroid,Onehot -> [ GM => ORI ] -> Onehot
Train - Original,0.6038238803979301,0.0007874965667724609,0,0,silkworm,33.47732758522034,0.5255701541900635,Electricity,KNeighborsClassifier,30,onehot,onehot,Onehot -> [ GM => Original ] -> Onehot,GM,N/A,original,original,False,centroid,Onehot -> [ GM => ORI ] -> Onehot
Val,0.6000376888896448,0.0007874965667724609,0,0,silkworm,33.47732758522034,0.15479040145874023,Electricity,KNeighborsClassifier,30,onehot,onehot,Onehot -> [ GM => Original ] -> Onehot,GM,N/A,original,original,False,centroid,Onehot -> [ GM => ORI ] -> Onehot
Test,0.6022441281857716,0.0007874965667724609,0,0,silkworm,33.47732758522034,0.14529132843017578,Electricity,KNeighborsClassifier,30,onehot,onehot,Onehot -> [ GM => Original ] -> Onehot,GM,N/A,original,original,False,centroid,Onehot -> [ GM => ORI ] -> Onehot
Train,0.6333333333333333,0.0005598068237304688,0,0,npl08,19.655417442321777,0.006876468658447266,Electricity,KNeighborsClassifier,30,onehot,onehot,Onehot -> [ TF-MultiHead-Encoded => GM => Decoded ] -> Onehot,GM,TF-MultiHead,encoded,decoded,False,centroid,Onehot -> [ [TF-SFT]-ENC => GM => DEC ] -> Onehot
Train - Original,0.5,0.0005598068237304688,0,0,npl08,19.655417442321777,0.6921560764312744,Electricity,KNeighborsClassifier,30,onehot,onehot,Onehot -> [ TF-MultiHead-Encoded => GM => Decoded ] -> Onehot,GM,TF-MultiHead,encoded,decoded,False,centroid,Onehot -> [ [TF-SFT]-ENC => GM => DEC ] -> Onehot
Val,0.5,0.0005598068237304688,0,0,npl08,19.655417442321777,0.25086092948913574,Electricity,KNeighborsClassifier,30,onehot,onehot,Onehot -> [ TF-MultiHead-Encoded => GM => Decoded ] -> Onehot,GM,TF-MultiHead,encoded,decoded,False,centroid,Onehot -> [ [TF-SFT]-ENC => GM => DEC ] -> Onehot
Test,0.5,0.0005598068237304688,0,0,npl08,19.655417442321777,0.25661349296569824,Electricity,KNeighborsClassifier,30,onehot,onehot,Onehot -> [ TF-MultiHead-Encoded => GM => Decoded ] -> Onehot,GM,TF-MultiHead,encoded,decoded,False,centroid,Onehot -> [ [TF-SFT]-ENC => GM => DEC ] -> Onehot
Train,0.6333333333333333,0.0003457069396972656,0,0,npl08,19.667641401290894,0.03463268280029297,Electricity,KNeighborsClassifier,30,onehot,onehot,Onehot -> [ TF-MultiHead-Encoded => GM => Decoded-Binary ] -> Onehot,GM,TF-MultiHead,encoded,decoded,True,centroid,Onehot -> [ [TF-SFT]-ENC => GM => DEC-BIN ] -> Onehot
Train - Original,0.5827320714772302,0.0003457069396972656,0,0,npl08,19.667641401290894,0.6984589099884033,Electricity,KNeighborsClassifier,30,onehot,onehot,Onehot -> [ TF-MultiHead-Encoded => GM => Decoded-Binary ] -> Onehot,GM,TF-MultiHead,encoded,decoded,True,centroid,Onehot -> [ [TF-SFT]-ENC => GM => DEC-BIN ] -> Onehot
Val,0.5905240350395042,0.0003457069396972656,0,0,npl08,19.667641401290894,0.25366926193237305,Electricity,KNeighborsClassifier,30,onehot,onehot,Onehot -> [ TF-MultiHead-Encoded => GM => Decoded-Binary ] -> Onehot,GM,TF-MultiHead,encoded,decoded,True,centroid,Onehot -> [ [TF-SFT]-ENC => GM => DEC-BIN ] -> Onehot
Test,0.592659656285774,0.0003457069396972656,0,0,npl08,19.667641401290894,0.2531924247741699,Electricity,KNeighborsClassifier,30,onehot,onehot,Onehot -> [ TF-MultiHead-Encoded => GM => Decoded-Binary ] -> Onehot,GM,TF-MultiHead,encoded,decoded,True,centroid,Onehot -> [ [TF-SFT]-ENC => GM => DEC-BIN ] -> Onehot
Train,0.7666666666666666,0.00036644935607910156,0,0,npl08,19.648878812789917,0.004275798797607422,Electricity,KNeighborsClassifier,30,onehot,onehot,Onehot -> [ TF-MultiHead-Encoded => GM => Encoded ] -> Onehot,GM,TF-MultiHead,encoded,encoded,False,centroid,Onehot -> [ [TF-SFT]-ENC => GM => ENC ] -> Onehot
Train - Original,0.580923305874465,0.00036644935607910156,0,0,npl08,19.648878812789917,0.47246861457824707,Electricity,KNeighborsClassifier,30,onehot,onehot,Onehot -> [ TF-MultiHead-Encoded => GM => Encoded ] -> Onehot,GM,TF-MultiHead,encoded,encoded,False,centroid,Onehot -> [ [TF-SFT]-ENC => GM => ENC ] -> Onehot
Val,0.5777002884520144,0.00036644935607910156,0,0,npl08,19.648878812789917,0.10511231422424316,Electricity,KNeighborsClassifier,30,onehot,onehot,Onehot -> [ TF-MultiHead-Encoded => GM => Encoded ] -> Onehot,GM,TF-MultiHead,encoded,encoded,False,centroid,Onehot -> [ [TF-SFT]-ENC => GM => ENC ] -> Onehot
Test,0.5748441448434005,0.00036644935607910156,0,0,npl08,19.648878812789917,0.10255622863769531,Electricity,KNeighborsClassifier,30,onehot,onehot,Onehot -> [ TF-MultiHead-Encoded => GM => Encoded ] -> Onehot,GM,TF-MultiHead,encoded,encoded,False,centroid,Onehot -> [ [TF-SFT]-ENC => GM => ENC ] -> Onehot
Train,0.7,0.00046634674072265625,0,0,npl08,19.588194847106934,0.006304264068603516,Electricity,KNeighborsClassifier,30,onehot,onehot,Onehot -> [ TF-MultiHead-Encoded => GM => Decoded ] -> Onehot,GM,TF-MultiHead,encoded,decoded,False,centroid,Onehot -> [ [TF-SFT]-ENC => GM => DEC ] -> Onehot
Train - Original,0.49564338122987256,0.00046634674072265625,0,0,npl08,19.588194847106934,0.695284366607666,Electricity,KNeighborsClassifier,30,onehot,onehot,Onehot -> [ TF-MultiHead-Encoded => GM => Decoded ] -> Onehot,GM,TF-MultiHead,encoded,decoded,False,centroid,Onehot -> [ [TF-SFT]-ENC => GM => DEC ] -> Onehot
Val,0.4953145374393137,0.00046634674072265625,0,0,npl08,19.588194847106934,0.24845290184020996,Electricity,KNeighborsClassifier,30,onehot,onehot,Onehot -> [ TF-MultiHead-Encoded => GM => Decoded ] -> Onehot,GM,TF-MultiHead,encoded,decoded,False,centroid,Onehot -> [ [TF-SFT]-ENC => GM => DEC ] -> Onehot
Test,0.4936687719074403,0.00046634674072265625,0,0,npl08,19.588194847106934,0.25682854652404785,Electricity,KNeighborsClassifier,30,onehot,onehot,Onehot -> [ TF-MultiHead-Encoded => GM => Decoded ] -> Onehot,GM,TF-MultiHead,encoded,decoded,False,centroid,Onehot -> [ [TF-SFT]-ENC => GM => DEC ] -> Onehot
Train,0.75,0.0005059242248535156,0,0,npl08,19.70882558822632,0.041543006896972656,Electricity,KNeighborsClassifier,30,onehot,onehot,Onehot -> [ TF-MultiHead-Encoded => GM => Decoded-Binary ] -> Onehot,GM,TF-MultiHead,encoded,decoded,True,centroid,Onehot -> [ [TF-SFT]-ENC => GM => DEC-BIN ] -> Onehot
Train - Original,0.5495546750659341,0.0005059242248535156,0,0,npl08,19.70882558822632,1.0353779792785645,Electricity,KNeighborsClassifier,30,onehot,onehot,Onehot -> [ TF-MultiHead-Encoded => GM => Decoded-Binary ] -> Onehot,GM,TF-MultiHead,encoded,decoded,True,centroid,Onehot -> [ [TF-SFT]-ENC => GM => DEC-BIN ] -> Onehot
Val,0.5508864685545841,0.0005059242248535156,0,0,npl08,19.70882558822632,0.261582612991333,Electricity,KNeighborsClassifier,30,onehot,onehot,Onehot -> [ TF-MultiHead-Encoded => GM => Decoded-Binary ] -> Onehot,GM,TF-MultiHead,encoded,decoded,True,centroid,Onehot -> [ [TF-SFT]-ENC => GM => DEC-BIN ] -> Onehot
Test,0.5426330749628747,0.0005059242248535156,0,0,npl08,19.70882558822632,0.2639012336730957,Electricity,KNeighborsClassifier,30,onehot,onehot,Onehot -> [ TF-MultiHead-Encoded => GM => Decoded-Binary ] -> Onehot,GM,TF-MultiHead,encoded,decoded,True,centroid,Onehot -> [ [TF-SFT]-ENC => GM => DEC-BIN ] -> Onehot
Train,0.8166666666666667,0.0005195140838623047,0,0,npl08,19.68303871154785,0.004538774490356445,Electricity,KNeighborsClassifier,30,onehot,onehot,Onehot -> [ TF-MultiHead-Encoded => GM => Encoded ] -> Onehot,GM,TF-MultiHead,encoded,encoded,False,centroid,Onehot -> [ [TF-SFT]-ENC => GM => ENC ] -> Onehot
Train - Original,0.6076283134358171,0.0005195140838623047,0,0,npl08,19.68303871154785,0.47728729248046875,Electricity,KNeighborsClassifier,30,onehot,onehot,Onehot -> [ TF-MultiHead-Encoded => GM => Encoded ] -> Onehot,GM,TF-MultiHead,encoded,encoded,False,centroid,Onehot -> [ [TF-SFT]-ENC => GM => ENC ] -> Onehot
Val,0.6066666011053635,0.0005195140838623047,0,0,npl08,19.68303871154785,0.10510730743408203,Electricity,KNeighborsClassifier,30,onehot,onehot,Onehot -> [ TF-MultiHead-Encoded => GM => Encoded ] -> Onehot,GM,TF-MultiHead,encoded,encoded,False,centroid,Onehot -> [ [TF-SFT]-ENC => GM => ENC ] -> Onehot
Test,0.6066376664433836,0.0005195140838623047,0,0,npl08,19.68303871154785,0.10851526260375977,Electricity,KNeighborsClassifier,30,onehot,onehot,Onehot -> [ TF-MultiHead-Encoded => GM => Encoded ] -> Onehot,GM,TF-MultiHead,encoded,encoded,False,centroid,Onehot -> [ [TF-SFT]-ENC => GM => ENC ] -> Onehot
Train,0.75,0.000461578369140625,0,0,npl08,20.26949644088745,0.005808115005493164,Electricity,KNeighborsClassifier,30,onehot,onehot,Onehot -> [ TF-MultiHead-Encoded => GM => Decoded ] -> Onehot,GM,TF-MultiHead,encoded,decoded,False,centroid,Onehot -> [ [TF-SFT]-ENC => GM => DEC ] -> Onehot
Train - Original,0.49266486493576944,0.000461578369140625,0,0,npl08,20.26949644088745,0.6622340679168701,Electricity,KNeighborsClassifier,30,onehot,onehot,Onehot -> [ TF-MultiHead-Encoded => GM => Decoded ] -> Onehot,GM,TF-MultiHead,encoded,decoded,False,centroid,Onehot -> [ [TF-SFT]-ENC => GM => DEC ] -> Onehot
Val,0.4969744787566317,0.000461578369140625,0,0,npl08,20.26949644088745,0.2535269260406494,Electricity,KNeighborsClassifier,30,onehot,onehot,Onehot -> [ TF-MultiHead-Encoded => GM => Decoded ] -> Onehot,GM,TF-MultiHead,encoded,decoded,False,centroid,Onehot -> [ [TF-SFT]-ENC => GM => DEC ] -> Onehot
Test,0.4938824857435504,0.000461578369140625,0,0,npl08,20.26949644088745,0.25290632247924805,Electricity,KNeighborsClassifier,30,onehot,onehot,Onehot -> [ TF-MultiHead-Encoded => GM => Decoded ] -> Onehot,GM,TF-MultiHead,encoded,decoded,False,centroid,Onehot -> [ [TF-SFT]-ENC => GM => DEC ] -> Onehot
Train,0.7333333333333334,0.0006046295166015625,0,0,npl08,19.862356901168823,0.04558539390563965,Electricity,KNeighborsClassifier,30,onehot,onehot,Onehot -> [ TF-MultiHead-Encoded => GM => Decoded-Binary ] -> Onehot,GM,TF-MultiHead,encoded,decoded,True,centroid,Onehot -> [ [TF-SFT]-ENC => GM => DEC-BIN ] -> Onehot
Train - Original,0.5563004694349734,0.0006046295166015625,0,0,npl08,19.862356901168823,0.7069859504699707,Electricity,KNeighborsClassifier,30,onehot,onehot,Onehot -> [ TF-MultiHead-Encoded => GM => Decoded-Binary ] -> Onehot,GM,TF-MultiHead,encoded,decoded,True,centroid,Onehot -> [ [TF-SFT]-ENC => GM => DEC-BIN ] -> Onehot
Val,0.5642515388743975,0.0006046295166015625,0,0,npl08,19.862356901168823,0.2626817226409912,Electricity,KNeighborsClassifier,30,onehot,onehot,Onehot -> [ TF-MultiHead-Encoded => GM => Decoded-Binary ] -> Onehot,GM,TF-MultiHead,encoded,decoded,True,centroid,Onehot -> [ [TF-SFT]-ENC => GM => DEC-BIN ] -> Onehot
Test,0.5574807817035439,0.0006046295166015625,0,0,npl08,19.862356901168823,0.25304555892944336,Electricity,KNeighborsClassifier,30,onehot,onehot,Onehot -> [ TF-MultiHead-Encoded => GM => Decoded-Binary ] -> Onehot,GM,TF-MultiHead,encoded,decoded,True,centroid,Onehot -> [ [TF-SFT]-ENC => GM => DEC-BIN ] -> Onehot
Train,0.8,0.0006263256072998047,0,0,npl08,19.701431035995483,0.005002498626708984,Electricity,KNeighborsClassifier,30,onehot,onehot,Onehot -> [ TF-MultiHead-Encoded => GM => Encoded ] -> Onehot,GM,TF-MultiHead,encoded,encoded,False,centroid,Onehot -> [ [TF-SFT]-ENC => GM => ENC ] -> Onehot
Train - Original,0.5793337187489411,0.0006263256072998047,0,0,npl08,19.701431035995483,0.4758005142211914,Electricity,KNeighborsClassifier,30,onehot,onehot,Onehot -> [ TF-MultiHead-Encoded => GM => Encoded ] -> Onehot,GM,TF-MultiHead,encoded,encoded,False,centroid,Onehot -> [ [TF-SFT]-ENC => GM => ENC ] -> Onehot
Val,0.5719811279131146,0.0006263256072998047,0,0,npl08,19.701431035995483,0.10724329948425293,Electricity,KNeighborsClassifier,30,onehot,onehot,Onehot -> [ TF-MultiHead-Encoded => GM => Encoded ] -> Onehot,GM,TF-MultiHead,encoded,encoded,False,centroid,Onehot -> [ [TF-SFT]-ENC => GM => ENC ] -> Onehot
Test,0.5738372443319759,0.0006263256072998047,0,0,npl08,19.701431035995483,0.10638308525085449,Electricity,KNeighborsClassifier,30,onehot,onehot,Onehot -> [ TF-MultiHead-Encoded => GM => Encoded ] -> Onehot,GM,TF-MultiHead,encoded,encoded,False,centroid,Onehot -> [ [TF-SFT]-ENC => GM => ENC ] -> Onehot
Train,0.6666666666666667,0.00040149688720703125,0,0,npl08,19.671629428863525,0.005522489547729492,Electricity,KNeighborsClassifier,30,onehot,onehot,Onehot -> [ TF-MultiHead-Encoded => GM => Decoded ] -> Onehot,GM,TF-MultiHead,encoded,decoded,False,centroid,Onehot -> [ [TF-SFT]-ENC => GM => DEC ] -> Onehot
Train - Original,0.5088035210080475,0.00040149688720703125,0,0,npl08,19.671629428863525,0.6545400619506836,Electricity,KNeighborsClassifier,30,onehot,onehot,Onehot -> [ TF-MultiHead-Encoded => GM => Decoded ] -> Onehot,GM,TF-MultiHead,encoded,decoded,False,centroid,Onehot -> [ [TF-SFT]-ENC => GM => DEC ] -> Onehot
Val,0.5074150276783874,0.00040149688720703125,0,0,npl08,19.671629428863525,0.2013106346130371,Electricity,KNeighborsClassifier,30,onehot,onehot,Onehot -> [ TF-MultiHead-Encoded => GM => Decoded ] -> Onehot,GM,TF-MultiHead,encoded,decoded,False,centroid,Onehot -> [ [TF-SFT]-ENC => GM => DEC ] -> Onehot
Test,0.509934547922581,0.00040149688720703125,0,0,npl08,19.671629428863525,0.2608981132507324,Electricity,KNeighborsClassifier,30,onehot,onehot,Onehot -> [ TF-MultiHead-Encoded => GM => Decoded ] -> Onehot,GM,TF-MultiHead,encoded,decoded,False,centroid,Onehot -> [ [TF-SFT]-ENC => GM => DEC ] -> Onehot
Train,0.7833333333333333,0.0017800331115722656,0,0,npl08,20.28108263015747,0.03812217712402344,Electricity,KNeighborsClassifier,30,onehot,onehot,Onehot -> [ TF-MultiHead-Encoded => GM => Decoded-Binary ] -> Onehot,GM,TF-MultiHead,encoded,decoded,True,centroid,Onehot -> [ [TF-SFT]-ENC => GM => DEC-BIN ] -> Onehot
Train - Original,0.599689983904073,0.0017800331115722656,0,0,npl08,20.28108263015747,0.7283222675323486,Electricity,KNeighborsClassifier,30,onehot,onehot,Onehot -> [ TF-MultiHead-Encoded => GM => Decoded-Binary ] -> Onehot,GM,TF-MultiHead,encoded,decoded,True,centroid,Onehot -> [ [TF-SFT]-ENC => GM => DEC-BIN ] -> Onehot
Val,0.5991520797197094,0.0017800331115722656,0,0,npl08,20.28108263015747,0.249403715133667,Electricity,KNeighborsClassifier,30,onehot,onehot,Onehot -> [ TF-MultiHead-Encoded => GM => Decoded-Binary ] -> Onehot,GM,TF-MultiHead,encoded,decoded,True,centroid,Onehot -> [ [TF-SFT]-ENC => GM => DEC-BIN ] -> Onehot
Test,0.6078373258480329,0.0017800331115722656,0,0,npl08,20.28108263015747,0.22124457359313965,Electricity,KNeighborsClassifier,30,onehot,onehot,Onehot -> [ TF-MultiHead-Encoded => GM => Decoded-Binary ] -> Onehot,GM,TF-MultiHead,encoded,decoded,True,centroid,Onehot -> [ [TF-SFT]-ENC => GM => DEC-BIN ] -> Onehot
Train,0.8333333333333334,0.0005125999450683594,0,0,npl08,20.26023244857788,0.0038542747497558594,Electricity,KNeighborsClassifier,30,onehot,onehot,Onehot -> [ TF-MultiHead-Encoded => GM => Encoded ] -> Onehot,GM,TF-MultiHead,encoded,encoded,False,centroid,Onehot -> [ [TF-SFT]-ENC => GM => ENC ] -> Onehot
Train - Original,0.6215329439532276,0.0005125999450683594,0,0,npl08,20.26023244857788,0.4754366874694824,Electricity,KNeighborsClassifier,30,onehot,onehot,Onehot -> [ TF-MultiHead-Encoded => GM => Encoded ] -> Onehot,GM,TF-MultiHead,encoded,encoded,False,centroid,Onehot -> [ [TF-SFT]-ENC => GM => ENC ] -> Onehot
Val,0.6253492689826108,0.0005125999450683594,0,0,npl08,20.26023244857788,0.10819721221923828,Electricity,KNeighborsClassifier,30,onehot,onehot,Onehot -> [ TF-MultiHead-Encoded => GM => Encoded ] -> Onehot,GM,TF-MultiHead,encoded,encoded,False,centroid,Onehot -> [ [TF-SFT]-ENC => GM => ENC ] -> Onehot
Test,0.6320302282804011,0.0005125999450683594,0,0,npl08,20.26023244857788,0.10663819313049316,Electricity,KNeighborsClassifier,30,onehot,onehot,Onehot -> [ TF-MultiHead-Encoded => GM => Encoded ] -> Onehot,GM,TF-MultiHead,encoded,encoded,False,centroid,Onehot -> [ [TF-SFT]-ENC => GM => ENC ] -> Onehot
Train,0.7,0.00041174888610839844,0,0,npl08,19.672630310058594,0.00536036491394043,Electricity,KNeighborsClassifier,30,onehot,onehot,Onehot -> [ TF-MultiHead-Encoded => GM => Decoded ] -> Onehot,GM,TF-MultiHead,encoded,decoded,False,centroid,Onehot -> [ [TF-SFT]-ENC => GM => DEC ] -> Onehot
Train - Original,0.5,0.00041174888610839844,0,0,npl08,19.672630310058594,0.6890738010406494,Electricity,KNeighborsClassifier,30,onehot,onehot,Onehot -> [ TF-MultiHead-Encoded => GM => Decoded ] -> Onehot,GM,TF-MultiHead,encoded,decoded,False,centroid,Onehot -> [ [TF-SFT]-ENC => GM => DEC ] -> Onehot
Val,0.5,0.00041174888610839844,0,0,npl08,19.672630310058594,0.2624237537384033,Electricity,KNeighborsClassifier,30,onehot,onehot,Onehot -> [ TF-MultiHead-Encoded => GM => Decoded ] -> Onehot,GM,TF-MultiHead,encoded,decoded,False,centroid,Onehot -> [ [TF-SFT]-ENC => GM => DEC ] -> Onehot
Test,0.5,0.00041174888610839844,0,0,npl08,19.672630310058594,0.2595102787017822,Electricity,KNeighborsClassifier,30,onehot,onehot,Onehot -> [ TF-MultiHead-Encoded => GM => Decoded ] -> Onehot,GM,TF-MultiHead,encoded,decoded,False,centroid,Onehot -> [ [TF-SFT]-ENC => GM => DEC ] -> Onehot
Train,0.75,0.000453948974609375,0,0,npl08,19.694408655166626,0.03538918495178223,Electricity,KNeighborsClassifier,30,onehot,onehot,Onehot -> [ TF-MultiHead-Encoded => GM => Decoded-Binary ] -> Onehot,GM,TF-MultiHead,encoded,decoded,True,centroid,Onehot -> [ [TF-SFT]-ENC => GM => DEC-BIN ] -> Onehot
Train - Original,0.6032023973234886,0.000453948974609375,0,0,npl08,19.694408655166626,0.7308821678161621,Electricity,KNeighborsClassifier,30,onehot,onehot,Onehot -> [ TF-MultiHead-Encoded => GM => Decoded-Binary ] -> Onehot,GM,TF-MultiHead,encoded,decoded,True,centroid,Onehot -> [ [TF-SFT]-ENC => GM => DEC-BIN ] -> Onehot
Val,0.600165533430683,0.000453948974609375,0,0,npl08,19.694408655166626,0.25819897651672363,Electricity,KNeighborsClassifier,30,onehot,onehot,Onehot -> [ TF-MultiHead-Encoded => GM => Decoded-Binary ] -> Onehot,GM,TF-MultiHead,encoded,decoded,True,centroid,Onehot -> [ [TF-SFT]-ENC => GM => DEC-BIN ] -> Onehot
Test,0.6016786991454991,0.000453948974609375,0,0,npl08,19.694408655166626,0.21238136291503906,Electricity,KNeighborsClassifier,30,onehot,onehot,Onehot -> [ TF-MultiHead-Encoded => GM => Decoded-Binary ] -> Onehot,GM,TF-MultiHead,encoded,decoded,True,centroid,Onehot -> [ [TF-SFT]-ENC => GM => DEC-BIN ] -> Onehot
Train,0.75,0.00046825408935546875,0,0,npl08,20.298747062683105,0.003980159759521484,Electricity,KNeighborsClassifier,30,onehot,onehot,Onehot -> [ TF-MultiHead-Encoded => GM => Encoded ] -> Onehot,GM,TF-MultiHead,encoded,encoded,False,centroid,Onehot -> [ [TF-SFT]-ENC => GM => ENC ] -> Onehot
Train - Original,0.6323180467107051,0.00046825408935546875,0,0,npl08,20.298747062683105,0.47416186332702637,Electricity,KNeighborsClassifier,30,onehot,onehot,Onehot -> [ TF-MultiHead-Encoded => GM => Encoded ] -> Onehot,GM,TF-MultiHead,encoded,encoded,False,centroid,Onehot -> [ [TF-SFT]-ENC => GM => ENC ] -> Onehot
Val,0.6237404477624371,0.00046825408935546875,0,0,npl08,20.298747062683105,0.10424232482910156,Electricity,KNeighborsClassifier,30,onehot,onehot,Onehot -> [ TF-MultiHead-Encoded => GM => Encoded ] -> Onehot,GM,TF-MultiHead,encoded,encoded,False,centroid,Onehot -> [ [TF-SFT]-ENC => GM => ENC ] -> Onehot
Test,0.623335521862252,0.00046825408935546875,0,0,npl08,20.298747062683105,0.1044015884399414,Electricity,KNeighborsClassifier,30,onehot,onehot,Onehot -> [ TF-MultiHead-Encoded => GM => Encoded ] -> Onehot,GM,TF-MultiHead,encoded,encoded,False,centroid,Onehot -> [ [TF-SFT]-ENC => GM => ENC ] -> Onehot
Train,0.6875,0.0010950565338134766,0,0,silkworm,33.82595777511597,0.04517030715942383,Electricity,KNeighborsClassifier,40,onehot,onehot,Onehot -> [ GM => Original ] -> Onehot,GM,N/A,original,original,False,centroid,Onehot -> [ GM => ORI ] -> Onehot
Train - Original,0.5849260614609814,0.0010950565338134766,0,0,silkworm,33.82595777511597,0.5367803573608398,Electricity,KNeighborsClassifier,40,onehot,onehot,Onehot -> [ GM => Original ] -> Onehot,GM,N/A,original,original,False,centroid,Onehot -> [ GM => ORI ] -> Onehot
Val,0.5929347418736322,0.0010950565338134766,0,0,silkworm,33.82595777511597,0.3278944492340088,Electricity,KNeighborsClassifier,40,onehot,onehot,Onehot -> [ GM => Original ] -> Onehot,GM,N/A,original,original,False,centroid,Onehot -> [ GM => ORI ] -> Onehot
Test,0.6026369558360181,0.0010950565338134766,0,0,silkworm,33.82595777511597,0.2247605323791504,Electricity,KNeighborsClassifier,40,onehot,onehot,Onehot -> [ GM => Original ] -> Onehot,GM,N/A,original,original,False,centroid,Onehot -> [ GM => ORI ] -> Onehot
Train,0.65,0.0005269050598144531,0,0,silkworm,33.700698137283325,0.04447221755981445,Electricity,KNeighborsClassifier,40,onehot,onehot,Onehot -> [ GM => Original ] -> Onehot,GM,N/A,original,original,False,centroid,Onehot -> [ GM => ORI ] -> Onehot
Train - Original,0.5377298517814804,0.0005269050598144531,0,0,silkworm,33.700698137283325,0.548628568649292,Electricity,KNeighborsClassifier,40,onehot,onehot,Onehot -> [ GM => Original ] -> Onehot,GM,N/A,original,original,False,centroid,Onehot -> [ GM => ORI ] -> Onehot
Val,0.5454152449166512,0.0005269050598144531,0,0,silkworm,33.700698137283325,0.14654040336608887,Electricity,KNeighborsClassifier,40,onehot,onehot,Onehot -> [ GM => Original ] -> Onehot,GM,N/A,original,original,False,centroid,Onehot -> [ GM => ORI ] -> Onehot
Test,0.5355596520327623,0.0005269050598144531,0,0,silkworm,33.700698137283325,0.20881915092468262,Electricity,KNeighborsClassifier,40,onehot,onehot,Onehot -> [ GM => Original ] -> Onehot,GM,N/A,original,original,False,centroid,Onehot -> [ GM => ORI ] -> Onehot
Train,0.7124999999999999,0.0011475086212158203,0,0,silkworm,33.901039123535156,0.04543709754943848,Electricity,KNeighborsClassifier,40,onehot,onehot,Onehot -> [ GM => Original ] -> Onehot,GM,N/A,original,original,False,centroid,Onehot -> [ GM => ORI ] -> Onehot
Train - Original,0.5605590702230101,0.0011475086212158203,0,0,silkworm,33.901039123535156,0.5051381587982178,Electricity,KNeighborsClassifier,40,onehot,onehot,Onehot -> [ GM => Original ] -> Onehot,GM,N/A,original,original,False,centroid,Onehot -> [ GM => ORI ] -> Onehot
Val,0.5694635295760329,0.0011475086212158203,0,0,silkworm,33.901039123535156,0.17132210731506348,Electricity,KNeighborsClassifier,40,onehot,onehot,Onehot -> [ GM => Original ] -> Onehot,GM,N/A,original,original,False,centroid,Onehot -> [ GM => ORI ] -> Onehot
Test,0.560377392762083,0.0011475086212158203,0,0,silkworm,33.901039123535156,0.196486234664917,Electricity,KNeighborsClassifier,40,onehot,onehot,Onehot -> [ GM => Original ] -> Onehot,GM,N/A,original,original,False,centroid,Onehot -> [ GM => ORI ] -> Onehot
Train,0.8,0.0005242824554443359,0,0,silkworm,33.60092282295227,0.043637752532958984,Electricity,KNeighborsClassifier,40,onehot,onehot,Onehot -> [ GM => Original ] -> Onehot,GM,N/A,original,original,False,centroid,Onehot -> [ GM => ORI ] -> Onehot
Train - Original,0.6098148333678843,0.0005242824554443359,0,0,silkworm,33.60092282295227,0.5248360633850098,Electricity,KNeighborsClassifier,40,onehot,onehot,Onehot -> [ GM => Original ] -> Onehot,GM,N/A,original,original,False,centroid,Onehot -> [ GM => ORI ] -> Onehot
Val,0.6001854676106786,0.0005242824554443359,0,0,silkworm,33.60092282295227,0.2957777976989746,Electricity,KNeighborsClassifier,40,onehot,onehot,Onehot -> [ GM => Original ] -> Onehot,GM,N/A,original,original,False,centroid,Onehot -> [ GM => ORI ] -> Onehot
Test,0.6037424730553991,0.0005242824554443359,0,0,silkworm,33.60092282295227,0.3378720283508301,Electricity,KNeighborsClassifier,40,onehot,onehot,Onehot -> [ GM => Original ] -> Onehot,GM,N/A,original,original,False,centroid,Onehot -> [ GM => ORI ] -> Onehot
Train,0.625,0.0005245208740234375,0,0,silkworm,33.60642719268799,0.045823097229003906,Electricity,KNeighborsClassifier,40,onehot,onehot,Onehot -> [ GM => Original ] -> Onehot,GM,N/A,original,original,False,centroid,Onehot -> [ GM => ORI ] -> Onehot
Train - Original,0.6089910974235027,0.0005245208740234375,0,0,silkworm,33.60642719268799,0.5872395038604736,Electricity,KNeighborsClassifier,40,onehot,onehot,Onehot -> [ GM => Original ] -> Onehot,GM,N/A,original,original,False,centroid,Onehot -> [ GM => ORI ] -> Onehot
Val,0.6087623478955619,0.0005245208740234375,0,0,silkworm,33.60642719268799,0.32774853706359863,Electricity,KNeighborsClassifier,40,onehot,onehot,Onehot -> [ GM => Original ] -> Onehot,GM,N/A,original,original,False,centroid,Onehot -> [ GM => ORI ] -> Onehot
Test,0.6056325380201522,0.0005245208740234375,0,0,silkworm,33.60642719268799,0.2918059825897217,Electricity,KNeighborsClassifier,40,onehot,onehot,Onehot -> [ GM => Original ] -> Onehot,GM,N/A,original,original,False,centroid,Onehot -> [ GM => ORI ] -> Onehot
Train,0.6375,0.0003883838653564453,0,0,npl08,19.793482542037964,0.006757497787475586,Electricity,KNeighborsClassifier,40,onehot,onehot,Onehot -> [ TF-MultiHead-Encoded => GM => Decoded ] -> Onehot,GM,TF-MultiHead,encoded,decoded,False,centroid,Onehot -> [ [TF-SFT]-ENC => GM => DEC ] -> Onehot
Train - Original,0.5053217079474092,0.0003883838653564453,0,0,npl08,19.793482542037964,0.7664377689361572,Electricity,KNeighborsClassifier,40,onehot,onehot,Onehot -> [ TF-MultiHead-Encoded => GM => Decoded ] -> Onehot,GM,TF-MultiHead,encoded,decoded,False,centroid,Onehot -> [ [TF-SFT]-ENC => GM => DEC ] -> Onehot
Val,0.5081224695773404,0.0003883838653564453,0,0,npl08,19.793482542037964,0.26680946350097656,Electricity,KNeighborsClassifier,40,onehot,onehot,Onehot -> [ TF-MultiHead-Encoded => GM => Decoded ] -> Onehot,GM,TF-MultiHead,encoded,decoded,False,centroid,Onehot -> [ [TF-SFT]-ENC => GM => DEC ] -> Onehot
Test,0.5080438184247554,0.0003883838653564453,0,0,npl08,19.793482542037964,0.272381067276001,Electricity,KNeighborsClassifier,40,onehot,onehot,Onehot -> [ TF-MultiHead-Encoded => GM => Decoded ] -> Onehot,GM,TF-MultiHead,encoded,decoded,False,centroid,Onehot -> [ [TF-SFT]-ENC => GM => DEC ] -> Onehot
Train,0.65,0.00038361549377441406,0,0,npl08,19.815584182739258,0.04880714416503906,Electricity,KNeighborsClassifier,40,onehot,onehot,Onehot -> [ TF-MultiHead-Encoded => GM => Decoded-Binary ] -> Onehot,GM,TF-MultiHead,encoded,decoded,True,centroid,Onehot -> [ [TF-SFT]-ENC => GM => DEC-BIN ] -> Onehot
Train - Original,0.5853539701078803,0.00038361549377441406,0,0,npl08,19.815584182739258,0.7466073036193848,Electricity,KNeighborsClassifier,40,onehot,onehot,Onehot -> [ TF-MultiHead-Encoded => GM => Decoded-Binary ] -> Onehot,GM,TF-MultiHead,encoded,decoded,True,centroid,Onehot -> [ [TF-SFT]-ENC => GM => DEC-BIN ] -> Onehot
Val,0.5931079920468824,0.00038361549377441406,0,0,npl08,19.815584182739258,0.2905738353729248,Electricity,KNeighborsClassifier,40,onehot,onehot,Onehot -> [ TF-MultiHead-Encoded => GM => Decoded-Binary ] -> Onehot,GM,TF-MultiHead,encoded,decoded,True,centroid,Onehot -> [ [TF-SFT]-ENC => GM => DEC-BIN ] -> Onehot
Test,0.6021170251601082,0.00038361549377441406,0,0,npl08,19.815584182739258,0.28792858123779297,Electricity,KNeighborsClassifier,40,onehot,onehot,Onehot -> [ TF-MultiHead-Encoded => GM => Decoded-Binary ] -> Onehot,GM,TF-MultiHead,encoded,decoded,True,centroid,Onehot -> [ [TF-SFT]-ENC => GM => DEC-BIN ] -> Onehot
Train,0.7375,0.0006616115570068359,0,0,npl08,20.41015315055847,0.010327577590942383,Electricity,KNeighborsClassifier,40,onehot,onehot,Onehot -> [ TF-MultiHead-Encoded => GM => Encoded ] -> Onehot,GM,TF-MultiHead,encoded,encoded,False,centroid,Onehot -> [ [TF-SFT]-ENC => GM => ENC ] -> Onehot
Train - Original,0.6050623913689298,0.0006616115570068359,0,0,npl08,20.41015315055847,0.48293566703796387,Electricity,KNeighborsClassifier,40,onehot,onehot,Onehot -> [ TF-MultiHead-Encoded => GM => Encoded ] -> Onehot,GM,TF-MultiHead,encoded,encoded,False,centroid,Onehot -> [ [TF-SFT]-ENC => GM => ENC ] -> Onehot
Val,0.5980968085289231,0.0006616115570068359,0,0,npl08,20.41015315055847,0.10701704025268555,Electricity,KNeighborsClassifier,40,onehot,onehot,Onehot -> [ TF-MultiHead-Encoded => GM => Encoded ] -> Onehot,GM,TF-MultiHead,encoded,encoded,False,centroid,Onehot -> [ [TF-SFT]-ENC => GM => ENC ] -> Onehot
Test,0.6001897906455009,0.0006616115570068359,0,0,npl08,20.41015315055847,0.10662269592285156,Electricity,KNeighborsClassifier,40,onehot,onehot,Onehot -> [ TF-MultiHead-Encoded => GM => Encoded ] -> Onehot,GM,TF-MultiHead,encoded,encoded,False,centroid,Onehot -> [ [TF-SFT]-ENC => GM => ENC ] -> Onehot
Train,0.725,0.0004305839538574219,0,0,npl08,19.838520288467407,0.006435394287109375,Electricity,KNeighborsClassifier,40,onehot,onehot,Onehot -> [ TF-MultiHead-Encoded => GM => Decoded ] -> Onehot,GM,TF-MultiHead,encoded,decoded,False,centroid,Onehot -> [ [TF-SFT]-ENC => GM => DEC ] -> Onehot
Train - Original,0.5074554655536387,0.0004305839538574219,0,0,npl08,19.838520288467407,0.7283895015716553,Electricity,KNeighborsClassifier,40,onehot,onehot,Onehot -> [ TF-MultiHead-Encoded => GM => Decoded ] -> Onehot,GM,TF-MultiHead,encoded,decoded,False,centroid,Onehot -> [ [TF-SFT]-ENC => GM => DEC ] -> Onehot
Val,0.5070029660287906,0.0004305839538574219,0,0,npl08,19.838520288467407,0.27159881591796875,Electricity,KNeighborsClassifier,40,onehot,onehot,Onehot -> [ TF-MultiHead-Encoded => GM => Decoded ] -> Onehot,GM,TF-MultiHead,encoded,decoded,False,centroid,Onehot -> [ [TF-SFT]-ENC => GM => DEC ] -> Onehot
Test,0.5049059818609052,0.0004305839538574219,0,0,npl08,19.838520288467407,0.27412962913513184,Electricity,KNeighborsClassifier,40,onehot,onehot,Onehot -> [ TF-MultiHead-Encoded => GM => Decoded ] -> Onehot,GM,TF-MultiHead,encoded,decoded,False,centroid,Onehot -> [ [TF-SFT]-ENC => GM => DEC ] -> Onehot
Train,0.75,0.00036025047302246094,0,0,npl08,19.829275608062744,0.04453754425048828,Electricity,KNeighborsClassifier,40,onehot,onehot,Onehot -> [ TF-MultiHead-Encoded => GM => Decoded-Binary ] -> Onehot,GM,TF-MultiHead,encoded,decoded,True,centroid,Onehot -> [ [TF-SFT]-ENC => GM => DEC-BIN ] -> Onehot
Train - Original,0.5377298517814804,0.00036025047302246094,0,0,npl08,19.829275608062744,0.7336325645446777,Electricity,KNeighborsClassifier,40,onehot,onehot,Onehot -> [ TF-MultiHead-Encoded => GM => Decoded-Binary ] -> Onehot,GM,TF-MultiHead,encoded,decoded,True,centroid,Onehot -> [ [TF-SFT]-ENC => GM => DEC-BIN ] -> Onehot
Val,0.5454152449166512,0.00036025047302246094,0,0,npl08,19.829275608062744,0.27843689918518066,Electricity,KNeighborsClassifier,40,onehot,onehot,Onehot -> [ TF-MultiHead-Encoded => GM => Decoded-Binary ] -> Onehot,GM,TF-MultiHead,encoded,decoded,True,centroid,Onehot -> [ [TF-SFT]-ENC => GM => DEC-BIN ] -> Onehot
Test,0.5355596520327623,0.00036025047302246094,0,0,npl08,19.829275608062744,0.2727839946746826,Electricity,KNeighborsClassifier,40,onehot,onehot,Onehot -> [ TF-MultiHead-Encoded => GM => Decoded-Binary ] -> Onehot,GM,TF-MultiHead,encoded,decoded,True,centroid,Onehot -> [ [TF-SFT]-ENC => GM => DEC-BIN ] -> Onehot
Train,0.7375,0.0005366802215576172,0,0,npl08,20.230510473251343,0.004804372787475586,Electricity,KNeighborsClassifier,40,onehot,onehot,Onehot -> [ TF-MultiHead-Encoded => GM => Encoded ] -> Onehot,GM,TF-MultiHead,encoded,encoded,False,centroid,Onehot -> [ [TF-SFT]-ENC => GM => ENC ] -> Onehot
Train - Original,0.5981844877525166,0.0005366802215576172,0,0,npl08,20.230510473251343,0.4848165512084961,Electricity,KNeighborsClassifier,40,onehot,onehot,Onehot -> [ TF-MultiHead-Encoded => GM => Encoded ] -> Onehot,GM,TF-MultiHead,encoded,encoded,False,centroid,Onehot -> [ [TF-SFT]-ENC => GM => ENC ] -> Onehot
Val,0.5902042907923757,0.0005366802215576172,0,0,npl08,20.230510473251343,0.11204314231872559,Electricity,KNeighborsClassifier,40,onehot,onehot,Onehot -> [ TF-MultiHead-Encoded => GM => Encoded ] -> Onehot,GM,TF-MultiHead,encoded,encoded,False,centroid,Onehot -> [ [TF-SFT]-ENC => GM => ENC ] -> Onehot
Test,0.5887759478013701,0.0005366802215576172,0,0,npl08,20.230510473251343,0.11075067520141602,Electricity,KNeighborsClassifier,40,onehot,onehot,Onehot -> [ TF-MultiHead-Encoded => GM => Encoded ] -> Onehot,GM,TF-MultiHead,encoded,encoded,False,centroid,Onehot -> [ [TF-SFT]-ENC => GM => ENC ] -> Onehot
Train,0.7749999999999999,0.0006000995635986328,0,0,npl08,19.872492790222168,0.006587982177734375,Electricity,KNeighborsClassifier,40,onehot,onehot,Onehot -> [ TF-MultiHead-Encoded => GM => Decoded ] -> Onehot,GM,TF-MultiHead,encoded,decoded,False,centroid,Onehot -> [ [TF-SFT]-ENC => GM => DEC ] -> Onehot
Train - Original,0.5,0.0006000995635986328,0,0,npl08,19.872492790222168,0.734112024307251,Electricity,KNeighborsClassifier,40,onehot,onehot,Onehot -> [ TF-MultiHead-Encoded => GM => Decoded ] -> Onehot,GM,TF-MultiHead,encoded,decoded,False,centroid,Onehot -> [ [TF-SFT]-ENC => GM => DEC ] -> Onehot
Val,0.5,0.0006000995635986328,0,0,npl08,19.872492790222168,0.26976728439331055,Electricity,KNeighborsClassifier,40,onehot,onehot,Onehot -> [ TF-MultiHead-Encoded => GM => Decoded ] -> Onehot,GM,TF-MultiHead,encoded,decoded,False,centroid,Onehot -> [ [TF-SFT]-ENC => GM => DEC ] -> Onehot
Test,0.5,0.0006000995635986328,0,0,npl08,19.872492790222168,0.2785935401916504,Electricity,KNeighborsClassifier,40,onehot,onehot,Onehot -> [ TF-MultiHead-Encoded => GM => Decoded ] -> Onehot,GM,TF-MultiHead,encoded,decoded,False,centroid,Onehot -> [ [TF-SFT]-ENC => GM => DEC ] -> Onehot
Train,0.75,0.00036835670471191406,0,0,npl08,19.787784099578857,0.04178905487060547,Electricity,KNeighborsClassifier,40,onehot,onehot,Onehot -> [ TF-MultiHead-Encoded => GM => Decoded-Binary ] -> Onehot,GM,TF-MultiHead,encoded,decoded,True,centroid,Onehot -> [ [TF-SFT]-ENC => GM => DEC-BIN ] -> Onehot
Train - Original,0.561272472364796,0.00036835670471191406,0,0,npl08,19.787784099578857,0.7452447414398193,Electricity,KNeighborsClassifier,40,onehot,onehot,Onehot -> [ TF-MultiHead-Encoded => GM => Decoded-Binary ] -> Onehot,GM,TF-MultiHead,encoded,decoded,True,centroid,Onehot -> [ [TF-SFT]-ENC => GM => DEC-BIN ] -> Onehot
Val,0.5711506256763225,0.00036835670471191406,0,0,npl08,19.787784099578857,0.2848351001739502,Electricity,KNeighborsClassifier,40,onehot,onehot,Onehot -> [ TF-MultiHead-Encoded => GM => Decoded-Binary ] -> Onehot,GM,TF-MultiHead,encoded,decoded,True,centroid,Onehot -> [ [TF-SFT]-ENC => GM => DEC-BIN ] -> Onehot
Test,0.5604228911264456,0.00036835670471191406,0,0,npl08,19.787784099578857,0.27266550064086914,Electricity,KNeighborsClassifier,40,onehot,onehot,Onehot -> [ TF-MultiHead-Encoded => GM => Decoded-Binary ] -> Onehot,GM,TF-MultiHead,encoded,decoded,True,centroid,Onehot -> [ [TF-SFT]-ENC => GM => DEC-BIN ] -> Onehot
Train,0.8,0.0006105899810791016,0,0,npl08,20.450872898101807,0.005285501480102539,Electricity,KNeighborsClassifier,40,onehot,onehot,Onehot -> [ TF-MultiHead-Encoded => GM => Encoded ] -> Onehot,GM,TF-MultiHead,encoded,encoded,False,centroid,Onehot -> [ [TF-SFT]-ENC => GM => ENC ] -> Onehot
Train - Original,0.5817750219634167,0.0006105899810791016,0,0,npl08,20.450872898101807,0.47471022605895996,Electricity,KNeighborsClassifier,40,onehot,onehot,Onehot -> [ TF-MultiHead-Encoded => GM => Encoded ] -> Onehot,GM,TF-MultiHead,encoded,encoded,False,centroid,Onehot -> [ [TF-SFT]-ENC => GM => ENC ] -> Onehot
Val,0.5805905230604795,0.0006105899810791016,0,0,npl08,20.450872898101807,0.10618138313293457,Electricity,KNeighborsClassifier,40,onehot,onehot,Onehot -> [ TF-MultiHead-Encoded => GM => Encoded ] -> Onehot,GM,TF-MultiHead,encoded,encoded,False,centroid,Onehot -> [ [TF-SFT]-ENC => GM => ENC ] -> Onehot
Test,0.5794883892781576,0.0006105899810791016,0,0,npl08,20.450872898101807,0.10931015014648438,Electricity,KNeighborsClassifier,40,onehot,onehot,Onehot -> [ TF-MultiHead-Encoded => GM => Encoded ] -> Onehot,GM,TF-MultiHead,encoded,encoded,False,centroid,Onehot -> [ [TF-SFT]-ENC => GM => ENC ] -> Onehot
Train,0.7,0.0005097389221191406,0,0,npl08,19.82673215866089,0.007005453109741211,Electricity,KNeighborsClassifier,40,onehot,onehot,Onehot -> [ TF-MultiHead-Encoded => GM => Decoded ] -> Onehot,GM,TF-MultiHead,encoded,decoded,False,centroid,Onehot -> [ [TF-SFT]-ENC => GM => DEC ] -> Onehot
Train - Original,0.5088035210080475,0.0005097389221191406,0,0,npl08,19.82673215866089,0.7222855091094971,Electricity,KNeighborsClassifier,40,onehot,onehot,Onehot -> [ TF-MultiHead-Encoded => GM => Decoded ] -> Onehot,GM,TF-MultiHead,encoded,decoded,False,centroid,Onehot -> [ [TF-SFT]-ENC => GM => DEC ] -> Onehot
Val,0.5074150276783874,0.0005097389221191406,0,0,npl08,19.82673215866089,0.28186750411987305,Electricity,KNeighborsClassifier,40,onehot,onehot,Onehot -> [ TF-MultiHead-Encoded => GM => Decoded ] -> Onehot,GM,TF-MultiHead,encoded,decoded,False,centroid,Onehot -> [ [TF-SFT]-ENC => GM => DEC ] -> Onehot
Test,0.509934547922581,0.0005097389221191406,0,0,npl08,19.82673215866089,0.27861833572387695,Electricity,KNeighborsClassifier,40,onehot,onehot,Onehot -> [ TF-MultiHead-Encoded => GM => Decoded ] -> Onehot,GM,TF-MultiHead,encoded,decoded,False,centroid,Onehot -> [ [TF-SFT]-ENC => GM => DEC ] -> Onehot
Train,0.85,0.00040340423583984375,0,0,npl08,19.79718518257141,0.041036128997802734,Electricity,KNeighborsClassifier,40,onehot,onehot,Onehot -> [ TF-MultiHead-Encoded => GM => Decoded-Binary ] -> Onehot,GM,TF-MultiHead,encoded,decoded,True,centroid,Onehot -> [ [TF-SFT]-ENC => GM => DEC-BIN ] -> Onehot
Train - Original,0.6098148333678843,0.00040340423583984375,0,0,npl08,19.79718518257141,0.7325620651245117,Electricity,KNeighborsClassifier,40,onehot,onehot,Onehot -> [ TF-MultiHead-Encoded => GM => Decoded-Binary ] -> Onehot,GM,TF-MultiHead,encoded,decoded,True,centroid,Onehot -> [ [TF-SFT]-ENC => GM => DEC-BIN ] -> Onehot
Val,0.6001854676106786,0.00040340423583984375,0,0,npl08,19.79718518257141,0.2748422622680664,Electricity,KNeighborsClassifier,40,onehot,onehot,Onehot -> [ TF-MultiHead-Encoded => GM => Decoded-Binary ] -> Onehot,GM,TF-MultiHead,encoded,decoded,True,centroid,Onehot -> [ [TF-SFT]-ENC => GM => DEC-BIN ] -> Onehot
Test,0.6037424730553991,0.00040340423583984375,0,0,npl08,19.79718518257141,0.2311544418334961,Electricity,KNeighborsClassifier,40,onehot,onehot,Onehot -> [ TF-MultiHead-Encoded => GM => Decoded-Binary ] -> Onehot,GM,TF-MultiHead,encoded,decoded,True,centroid,Onehot -> [ [TF-SFT]-ENC => GM => DEC-BIN ] -> Onehot
Train,0.8375,0.0004570484161376953,0,0,npl08,20.431313276290894,0.004914283752441406,Electricity,KNeighborsClassifier,40,onehot,onehot,Onehot -> [ TF-MultiHead-Encoded => GM => Encoded ] -> Onehot,GM,TF-MultiHead,encoded,encoded,False,centroid,Onehot -> [ [TF-SFT]-ENC => GM => ENC ] -> Onehot
Train - Original,0.6283958871229947,0.0004570484161376953,0,0,npl08,20.431313276290894,0.48276710510253906,Electricity,KNeighborsClassifier,40,onehot,onehot,Onehot -> [ TF-MultiHead-Encoded => GM => Encoded ] -> Onehot,GM,TF-MultiHead,encoded,encoded,False,centroid,Onehot -> [ [TF-SFT]-ENC => GM => ENC ] -> Onehot
Val,0.6337354899103813,0.0004570484161376953,0,0,npl08,20.431313276290894,0.1074216365814209,Electricity,KNeighborsClassifier,40,onehot,onehot,Onehot -> [ TF-MultiHead-Encoded => GM => Encoded ] -> Onehot,GM,TF-MultiHead,encoded,encoded,False,centroid,Onehot -> [ [TF-SFT]-ENC => GM => ENC ] -> Onehot
Test,0.6417717071943236,0.0004570484161376953,0,0,npl08,20.431313276290894,0.10647869110107422,Electricity,KNeighborsClassifier,40,onehot,onehot,Onehot -> [ TF-MultiHead-Encoded => GM => Encoded ] -> Onehot,GM,TF-MultiHead,encoded,encoded,False,centroid,Onehot -> [ [TF-SFT]-ENC => GM => ENC ] -> Onehot
Train,0.75,0.0005757808685302734,0,0,npl08,19.813448905944824,0.006583213806152344,Electricity,KNeighborsClassifier,40,onehot,onehot,Onehot -> [ TF-MultiHead-Encoded => GM => Decoded ] -> Onehot,GM,TF-MultiHead,encoded,decoded,False,centroid,Onehot -> [ [TF-SFT]-ENC => GM => DEC ] -> Onehot
Train - Original,0.49119647899195246,0.0005757808685302734,0,0,npl08,19.813448905944824,0.7355375289916992,Electricity,KNeighborsClassifier,40,onehot,onehot,Onehot -> [ TF-MultiHead-Encoded => GM => Decoded ] -> Onehot,GM,TF-MultiHead,encoded,decoded,False,centroid,Onehot -> [ [TF-SFT]-ENC => GM => DEC ] -> Onehot
Val,0.4925849723216125,0.0005757808685302734,0,0,npl08,19.813448905944824,0.2775449752807617,Electricity,KNeighborsClassifier,40,onehot,onehot,Onehot -> [ TF-MultiHead-Encoded => GM => Decoded ] -> Onehot,GM,TF-MultiHead,encoded,decoded,False,centroid,Onehot -> [ [TF-SFT]-ENC => GM => DEC ] -> Onehot
Test,0.490065452077419,0.0005757808685302734,0,0,npl08,19.813448905944824,0.2622668743133545,Electricity,KNeighborsClassifier,40,onehot,onehot,Onehot -> [ TF-MultiHead-Encoded => GM => Decoded ] -> Onehot,GM,TF-MultiHead,encoded,decoded,False,centroid,Onehot -> [ [TF-SFT]-ENC => GM => DEC ] -> Onehot
Train,0.725,0.00038814544677734375,0,0,npl08,19.8187518119812,0.04079174995422363,Electricity,KNeighborsClassifier,40,onehot,onehot,Onehot -> [ TF-MultiHead-Encoded => GM => Decoded-Binary ] -> Onehot,GM,TF-MultiHead,encoded,decoded,True,centroid,Onehot -> [ [TF-SFT]-ENC => GM => DEC-BIN ] -> Onehot
Train - Original,0.6088541261326852,0.00038814544677734375,0,0,npl08,19.8187518119812,0.7336568832397461,Electricity,KNeighborsClassifier,40,onehot,onehot,Onehot -> [ TF-MultiHead-Encoded => GM => Decoded-Binary ] -> Onehot,GM,TF-MultiHead,encoded,decoded,True,centroid,Onehot -> [ [TF-SFT]-ENC => GM => DEC-BIN ] -> Onehot
Val,0.6094553485885625,0.00038814544677734375,0,0,npl08,19.8187518119812,0.2853202819824219,Electricity,KNeighborsClassifier,40,onehot,onehot,Onehot -> [ TF-MultiHead-Encoded => GM => Decoded-Binary ] -> Onehot,GM,TF-MultiHead,encoded,decoded,True,centroid,Onehot -> [ [TF-SFT]-ENC => GM => DEC-BIN ] -> Onehot
Test,0.6059336601063962,0.00038814544677734375,0,0,npl08,19.8187518119812,0.27874326705932617,Electricity,KNeighborsClassifier,40,onehot,onehot,Onehot -> [ TF-MultiHead-Encoded => GM => Decoded-Binary ] -> Onehot,GM,TF-MultiHead,encoded,decoded,True,centroid,Onehot -> [ [TF-SFT]-ENC => GM => DEC-BIN ] -> Onehot
Train,0.7125,0.0004601478576660156,0,0,npl08,20.393208026885986,0.0042912960052490234,Electricity,KNeighborsClassifier,40,onehot,onehot,Onehot -> [ TF-MultiHead-Encoded => GM => Encoded ] -> Onehot,GM,TF-MultiHead,encoded,encoded,False,centroid,Onehot -> [ [TF-SFT]-ENC => GM => ENC ] -> Onehot
Train - Original,0.631052080451708,0.0004601478576660156,0,0,npl08,20.393208026885986,0.4797689914703369,Electricity,KNeighborsClassifier,40,onehot,onehot,Onehot -> [ TF-MultiHead-Encoded => GM => Encoded ] -> Onehot,GM,TF-MultiHead,encoded,encoded,False,centroid,Onehot -> [ [TF-SFT]-ENC => GM => ENC ] -> Onehot
Val,0.6200068644456269,0.0004601478576660156,0,0,npl08,20.393208026885986,0.10679364204406738,Electricity,KNeighborsClassifier,40,onehot,onehot,Onehot -> [ TF-MultiHead-Encoded => GM => Encoded ] -> Onehot,GM,TF-MultiHead,encoded,encoded,False,centroid,Onehot -> [ [TF-SFT]-ENC => GM => ENC ] -> Onehot
Test,0.6105112740250858,0.0004601478576660156,0,0,npl08,20.393208026885986,0.10692906379699707,Electricity,KNeighborsClassifier,40,onehot,onehot,Onehot -> [ TF-MultiHead-Encoded => GM => Encoded ] -> Onehot,GM,TF-MultiHead,encoded,encoded,False,centroid,Onehot -> [ [TF-SFT]-ENC => GM => ENC ] -> Onehot
Train,0.7,0.0013115406036376953,0,0,silkworm,33.214051723480225,0.04603099822998047,Electricity,KNeighborsClassifier,50,onehot,onehot,Onehot -> [ GM => Original ] -> Onehot,GM,N/A,original,original,False,centroid,Onehot -> [ GM => ORI ] -> Onehot
Train - Original,0.5926381533980158,0.0013115406036376953,0,0,silkworm,33.214051723480225,0.5522544384002686,Electricity,KNeighborsClassifier,50,onehot,onehot,Onehot -> [ GM => Original ] -> Onehot,GM,N/A,original,original,False,centroid,Onehot -> [ GM => ORI ] -> Onehot
Val,0.5934641493961361,0.0013115406036376953,0,0,silkworm,33.214051723480225,0.14629006385803223,Electricity,KNeighborsClassifier,50,onehot,onehot,Onehot -> [ GM => Original ] -> Onehot,GM,N/A,original,original,False,centroid,Onehot -> [ GM => ORI ] -> Onehot
Test,0.5944698443752148,0.0013115406036376953,0,0,silkworm,33.214051723480225,0.21373891830444336,Electricity,KNeighborsClassifier,50,onehot,onehot,Onehot -> [ GM => Original ] -> Onehot,GM,N/A,original,original,False,centroid,Onehot -> [ GM => ORI ] -> Onehot
Train,0.62,0.000545501708984375,0,0,silkworm,33.63592553138733,0.04682421684265137,Electricity,KNeighborsClassifier,50,onehot,onehot,Onehot -> [ GM => Original ] -> Onehot,GM,N/A,original,original,False,centroid,Onehot -> [ GM => ORI ] -> Onehot
Train - Original,0.5708086036377231,0.000545501708984375,0,0,silkworm,33.63592553138733,0.5305619239807129,Electricity,KNeighborsClassifier,50,onehot,onehot,Onehot -> [ GM => Original ] -> Onehot,GM,N/A,original,original,False,centroid,Onehot -> [ GM => ORI ] -> Onehot
Val,0.5602072038405457,0.000545501708984375,0,0,silkworm,33.63592553138733,0.14129424095153809,Electricity,KNeighborsClassifier,50,onehot,onehot,Onehot -> [ GM => Original ] -> Onehot,GM,N/A,original,original,False,centroid,Onehot -> [ GM => ORI ] -> Onehot
Test,0.5782238271434292,0.000545501708984375,0,0,silkworm,33.63592553138733,0.16041183471679688,Electricity,KNeighborsClassifier,50,onehot,onehot,Onehot -> [ GM => Original ] -> Onehot,GM,N/A,original,original,False,centroid,Onehot -> [ GM => ORI ] -> Onehot
Train,0.68,0.0005431175231933594,0,0,silkworm,33.460007667541504,0.04445028305053711,Electricity,KNeighborsClassifier,50,onehot,onehot,Onehot -> [ GM => Original ] -> Onehot,GM,N/A,original,original,False,centroid,Onehot -> [ GM => ORI ] -> Onehot
Train - Original,0.587855957320649,0.0005431175231933594,0,0,silkworm,33.460007667541504,0.5825421810150146,Electricity,KNeighborsClassifier,50,onehot,onehot,Onehot -> [ GM => Original ] -> Onehot,GM,N/A,original,original,False,centroid,Onehot -> [ GM => ORI ] -> Onehot
Val,0.5926371910135653,0.0005431175231933594,0,0,silkworm,33.460007667541504,0.36782145500183105,Electricity,KNeighborsClassifier,50,onehot,onehot,Onehot -> [ GM => Original ] -> Onehot,GM,N/A,original,original,False,centroid,Onehot -> [ GM => ORI ] -> Onehot
Test,0.584801286890446,0.0005431175231933594,0,0,silkworm,33.460007667541504,0.29393506050109863,Electricity,KNeighborsClassifier,50,onehot,onehot,Onehot -> [ GM => Original ] -> Onehot,GM,N/A,original,original,False,centroid,Onehot -> [ GM => ORI ] -> Onehot
Train,0.76,0.0010874271392822266,0,0,silkworm,33.60159754753113,0.0423281192779541,Electricity,KNeighborsClassifier,50,onehot,onehot,Onehot -> [ GM => Original ] -> Onehot,GM,N/A,original,original,False,centroid,Onehot -> [ GM => ORI ] -> Onehot
Train - Original,0.5952433624033894,0.0010874271392822266,0,0,silkworm,33.60159754753113,0.5696389675140381,Electricity,KNeighborsClassifier,50,onehot,onehot,Onehot -> [ GM => Original ] -> Onehot,GM,N/A,original,original,False,centroid,Onehot -> [ GM => ORI ] -> Onehot
Val,0.601006002757473,0.0010874271392822266,0,0,silkworm,33.60159754753113,0.24594473838806152,Electricity,KNeighborsClassifier,50,onehot,onehot,Onehot -> [ GM => Original ] -> Onehot,GM,N/A,original,original,False,centroid,Onehot -> [ GM => ORI ] -> Onehot
Test,0.6029123826434595,0.0010874271392822266,0,0,silkworm,33.60159754753113,0.19454503059387207,Electricity,KNeighborsClassifier,50,onehot,onehot,Onehot -> [ GM => Original ] -> Onehot,GM,N/A,original,original,False,centroid,Onehot -> [ GM => ORI ] -> Onehot
Train,0.6799999999999999,0.0005102157592773438,0,0,silkworm,33.48688864707947,0.04349064826965332,Electricity,KNeighborsClassifier,50,onehot,onehot,Onehot -> [ GM => Original ] -> Onehot,GM,N/A,original,original,False,centroid,Onehot -> [ GM => ORI ] -> Onehot
Train - Original,0.6060200267691499,0.0005102157592773438,0,0,silkworm,33.48688864707947,0.5487978458404541,Electricity,KNeighborsClassifier,50,onehot,onehot,Onehot -> [ GM => Original ] -> Onehot,GM,N/A,original,original,False,centroid,Onehot -> [ GM => ORI ] -> Onehot
Val,0.6142261737378076,0.0005102157592773438,0,0,silkworm,33.48688864707947,0.2073071002960205,Electricity,KNeighborsClassifier,50,onehot,onehot,Onehot -> [ GM => Original ] -> Onehot,GM,N/A,original,original,False,centroid,Onehot -> [ GM => ORI ] -> Onehot
Test,0.610582467668251,0.0005102157592773438,0,0,silkworm,33.48688864707947,0.3017714023590088,Electricity,KNeighborsClassifier,50,onehot,onehot,Onehot -> [ GM => Original ] -> Onehot,GM,N/A,original,original,False,centroid,Onehot -> [ GM => ORI ] -> Onehot
Train,0.6699999999999999,0.0004923343658447266,0,0,npl08,19.97249460220337,0.007778167724609375,Electricity,KNeighborsClassifier,50,onehot,onehot,Onehot -> [ TF-MultiHead-Encoded => GM => Decoded ] -> Onehot,GM,TF-MultiHead,encoded,decoded,False,centroid,Onehot -> [ [TF-SFT]-ENC => GM => DEC ] -> Onehot
Train - Original,0.5316354044189961,0.0004923343658447266,0,0,npl08,19.97249460220337,0.753847599029541,Electricity,KNeighborsClassifier,50,onehot,onehot,Onehot -> [ TF-MultiHead-Encoded => GM => Decoded ] -> Onehot,GM,TF-MultiHead,encoded,decoded,False,centroid,Onehot -> [ [TF-SFT]-ENC => GM => DEC ] -> Onehot
Val,0.531293074440607,0.0004923343658447266,0,0,npl08,19.97249460220337,0.3142704963684082,Electricity,KNeighborsClassifier,50,onehot,onehot,Onehot -> [ TF-MultiHead-Encoded => GM => Decoded ] -> Onehot,GM,TF-MultiHead,encoded,decoded,False,centroid,Onehot -> [ [TF-SFT]-ENC => GM => DEC ] -> Onehot
Test,0.5422072864722332,0.0004923343658447266,0,0,npl08,19.97249460220337,0.3132774829864502,Electricity,KNeighborsClassifier,50,onehot,onehot,Onehot -> [ TF-MultiHead-Encoded => GM => Decoded ] -> Onehot,GM,TF-MultiHead,encoded,decoded,False,centroid,Onehot -> [ [TF-SFT]-ENC => GM => DEC ] -> Onehot
Train,0.69,0.0004825592041015625,0,0,npl08,19.969698190689087,0.0493776798248291,Electricity,KNeighborsClassifier,50,onehot,onehot,Onehot -> [ TF-MultiHead-Encoded => GM => Decoded-Binary ] -> Onehot,GM,TF-MultiHead,encoded,decoded,True,centroid,Onehot -> [ [TF-SFT]-ENC => GM => DEC-BIN ] -> Onehot
Train - Original,0.5928706729969739,0.0004825592041015625,0,0,npl08,19.969698190689087,0.7768158912658691,Electricity,KNeighborsClassifier,50,onehot,onehot,Onehot -> [ TF-MultiHead-Encoded => GM => Decoded-Binary ] -> Onehot,GM,TF-MultiHead,encoded,decoded,True,centroid,Onehot -> [ [TF-SFT]-ENC => GM => DEC-BIN ] -> Onehot
Val,0.5939838999158866,0.0004825592041015625,0,0,npl08,19.969698190689087,0.2823491096496582,Electricity,KNeighborsClassifier,50,onehot,onehot,Onehot -> [ TF-MultiHead-Encoded => GM => Decoded-Binary ] -> Onehot,GM,TF-MultiHead,encoded,decoded,True,centroid,Onehot -> [ [TF-SFT]-ENC => GM => DEC-BIN ] -> Onehot
Test,0.594861963190184,0.0004825592041015625,0,0,npl08,19.969698190689087,0.2810556888580322,Electricity,KNeighborsClassifier,50,onehot,onehot,Onehot -> [ TF-MultiHead-Encoded => GM => Decoded-Binary ] -> Onehot,GM,TF-MultiHead,encoded,decoded,True,centroid,Onehot -> [ [TF-SFT]-ENC => GM => DEC-BIN ] -> Onehot
Train,0.77,0.0004754066467285156,0,0,npl08,19.89820408821106,0.00585484504699707,Electricity,KNeighborsClassifier,50,onehot,onehot,Onehot -> [ TF-MultiHead-Encoded => GM => Encoded ] -> Onehot,GM,TF-MultiHead,encoded,encoded,False,centroid,Onehot -> [ [TF-SFT]-ENC => GM => ENC ] -> Onehot
Train - Original,0.6141205410504729,0.0004754066467285156,0,0,npl08,19.89820408821106,0.4801137447357178,Electricity,KNeighborsClassifier,50,onehot,onehot,Onehot -> [ TF-MultiHead-Encoded => GM => Encoded ] -> Onehot,GM,TF-MultiHead,encoded,encoded,False,centroid,Onehot -> [ [TF-SFT]-ENC => GM => ENC ] -> Onehot
Val,0.5992999027389209,0.0004754066467285156,0,0,npl08,19.89820408821106,0.10704302787780762,Electricity,KNeighborsClassifier,50,onehot,onehot,Onehot -> [ TF-MultiHead-Encoded => GM => Encoded ] -> Onehot,GM,TF-MultiHead,encoded,encoded,False,centroid,Onehot -> [ [TF-SFT]-ENC => GM => ENC ] -> Onehot
Test,0.6000967117131485,0.0004754066467285156,0,0,npl08,19.89820408821106,0.10762643814086914,Electricity,KNeighborsClassifier,50,onehot,onehot,Onehot -> [ TF-MultiHead-Encoded => GM => Encoded ] -> Onehot,GM,TF-MultiHead,encoded,encoded,False,centroid,Onehot -> [ [TF-SFT]-ENC => GM => ENC ] -> Onehot
Train,0.7,0.0006613731384277344,0,0,npl08,19.953112363815308,0.009390830993652344,Electricity,KNeighborsClassifier,50,onehot,onehot,Onehot -> [ TF-MultiHead-Encoded => GM => Decoded ] -> Onehot,GM,TF-MultiHead,encoded,decoded,False,centroid,Onehot -> [ [TF-SFT]-ENC => GM => DEC ] -> Onehot
Train - Original,0.5,0.0006613731384277344,0,0,npl08,19.953112363815308,0.7573487758636475,Electricity,KNeighborsClassifier,50,onehot,onehot,Onehot -> [ TF-MultiHead-Encoded => GM => Decoded ] -> Onehot,GM,TF-MultiHead,encoded,decoded,False,centroid,Onehot -> [ [TF-SFT]-ENC => GM => DEC ] -> Onehot
Val,0.5,0.0006613731384277344,0,0,npl08,19.953112363815308,0.2661623954772949,Electricity,KNeighborsClassifier,50,onehot,onehot,Onehot -> [ TF-MultiHead-Encoded => GM => Decoded ] -> Onehot,GM,TF-MultiHead,encoded,decoded,False,centroid,Onehot -> [ [TF-SFT]-ENC => GM => DEC ] -> Onehot
Test,0.5,0.0006613731384277344,0,0,npl08,19.953112363815308,0.22449731826782227,Electricity,KNeighborsClassifier,50,onehot,onehot,Onehot -> [ TF-MultiHead-Encoded => GM => Decoded ] -> Onehot,GM,TF-MultiHead,encoded,decoded,False,centroid,Onehot -> [ [TF-SFT]-ENC => GM => DEC ] -> Onehot
Train,0.75,0.0005960464477539062,0,0,npl08,19.81840491294861,0.04736161231994629,Electricity,KNeighborsClassifier,50,onehot,onehot,Onehot -> [ TF-MultiHead-Encoded => GM => Decoded-Binary ] -> Onehot,GM,TF-MultiHead,encoded,decoded,True,centroid,Onehot -> [ [TF-SFT]-ENC => GM => DEC-BIN ] -> Onehot
Train - Original,0.5708086036377231,0.0005960464477539062,0,0,npl08,19.81840491294861,0.7647378444671631,Electricity,KNeighborsClassifier,50,onehot,onehot,Onehot -> [ TF-MultiHead-Encoded => GM => Decoded-Binary ] -> Onehot,GM,TF-MultiHead,encoded,decoded,True,centroid,Onehot -> [ [TF-SFT]-ENC => GM => DEC-BIN ] -> Onehot
Val,0.5602072038405457,0.0005960464477539062,0,0,npl08,19.81840491294861,0.2734837532043457,Electricity,KNeighborsClassifier,50,onehot,onehot,Onehot -> [ TF-MultiHead-Encoded => GM => Decoded-Binary ] -> Onehot,GM,TF-MultiHead,encoded,decoded,True,centroid,Onehot -> [ [TF-SFT]-ENC => GM => DEC-BIN ] -> Onehot
Test,0.5782238271434292,0.0005960464477539062,0,0,npl08,19.81840491294861,0.276608943939209,Electricity,KNeighborsClassifier,50,onehot,onehot,Onehot -> [ TF-MultiHead-Encoded => GM => Decoded-Binary ] -> Onehot,GM,TF-MultiHead,encoded,decoded,True,centroid,Onehot -> [ [TF-SFT]-ENC => GM => DEC-BIN ] -> Onehot
Train,0.77,0.0005404949188232422,0,0,npl08,19.823238849639893,0.005953311920166016,Electricity,KNeighborsClassifier,50,onehot,onehot,Onehot -> [ TF-MultiHead-Encoded => GM => Encoded ] -> Onehot,GM,TF-MultiHead,encoded,encoded,False,centroid,Onehot -> [ [TF-SFT]-ENC => GM => ENC ] -> Onehot
Train - Original,0.6028670546601747,0.0005404949188232422,0,0,npl08,19.823238849639893,0.4783618450164795,Electricity,KNeighborsClassifier,50,onehot,onehot,Onehot -> [ TF-MultiHead-Encoded => GM => Encoded ] -> Onehot,GM,TF-MultiHead,encoded,encoded,False,centroid,Onehot -> [ [TF-SFT]-ENC => GM => ENC ] -> Onehot
Val,0.5941793877743762,0.0005404949188232422,0,0,npl08,19.823238849639893,0.1053309440612793,Electricity,KNeighborsClassifier,50,onehot,onehot,Onehot -> [ TF-MultiHead-Encoded => GM => Encoded ] -> Onehot,GM,TF-MultiHead,encoded,encoded,False,centroid,Onehot -> [ [TF-SFT]-ENC => GM => ENC ] -> Onehot
Test,0.6032492566090029,0.0005404949188232422,0,0,npl08,19.823238849639893,0.10492253303527832,Electricity,KNeighborsClassifier,50,onehot,onehot,Onehot -> [ TF-MultiHead-Encoded => GM => Encoded ] -> Onehot,GM,TF-MultiHead,encoded,encoded,False,centroid,Onehot -> [ [TF-SFT]-ENC => GM => ENC ] -> Onehot
Train,0.72,0.00038170814514160156,0,0,npl08,19.875589847564697,0.006323337554931641,Electricity,KNeighborsClassifier,50,onehot,onehot,Onehot -> [ TF-MultiHead-Encoded => GM => Decoded ] -> Onehot,GM,TF-MultiHead,encoded,decoded,False,centroid,Onehot -> [ [TF-SFT]-ENC => GM => DEC ] -> Onehot
Train - Original,0.501828433483942,0.00038170814514160156,0,0,npl08,19.875589847564697,0.7367002964019775,Electricity,KNeighborsClassifier,50,onehot,onehot,Onehot -> [ TF-MultiHead-Encoded => GM => Decoded ] -> Onehot,GM,TF-MultiHead,encoded,decoded,False,centroid,Onehot -> [ [TF-SFT]-ENC => GM => DEC ] -> Onehot
Val,0.5029465375924083,0.00038170814514160156,0,0,npl08,19.875589847564697,0.2579011917114258,Electricity,KNeighborsClassifier,50,onehot,onehot,Onehot -> [ TF-MultiHead-Encoded => GM => Decoded ] -> Onehot,GM,TF-MultiHead,encoded,decoded,False,centroid,Onehot -> [ [TF-SFT]-ENC => GM => DEC ] -> Onehot
Test,0.501681357277789,0.00038170814514160156,0,0,npl08,19.875589847564697,0.2775089740753174,Electricity,KNeighborsClassifier,50,onehot,onehot,Onehot -> [ TF-MultiHead-Encoded => GM => Decoded ] -> Onehot,GM,TF-MultiHead,encoded,decoded,False,centroid,Onehot -> [ [TF-SFT]-ENC => GM => DEC ] -> Onehot
Train,0.6799999999999999,0.0004825592041015625,0,0,npl08,19.867816925048828,0.04723215103149414,Electricity,KNeighborsClassifier,50,onehot,onehot,Onehot -> [ TF-MultiHead-Encoded => GM => Decoded-Binary ] -> Onehot,GM,TF-MultiHead,encoded,decoded,True,centroid,Onehot -> [ [TF-SFT]-ENC => GM => DEC-BIN ] -> Onehot
Train - Original,0.5892589965868537,0.0004825592041015625,0,0,npl08,19.867816925048828,0.745830774307251,Electricity,KNeighborsClassifier,50,onehot,onehot,Onehot -> [ TF-MultiHead-Encoded => GM => Decoded-Binary ] -> Onehot,GM,TF-MultiHead,encoded,decoded,True,centroid,Onehot -> [ [TF-SFT]-ENC => GM => DEC-BIN ] -> Onehot
Val,0.5938499422263166,0.0004825592041015625,0,0,npl08,19.867816925048828,0.284015417098999,Electricity,KNeighborsClassifier,50,onehot,onehot,Onehot -> [ TF-MultiHead-Encoded => GM => Decoded-Binary ] -> Onehot,GM,TF-MultiHead,encoded,decoded,True,centroid,Onehot -> [ [TF-SFT]-ENC => GM => DEC-BIN ] -> Onehot
Test,0.5855400261560217,0.0004825592041015625,0,0,npl08,19.867816925048828,0.2807469367980957,Electricity,KNeighborsClassifier,50,onehot,onehot,Onehot -> [ TF-MultiHead-Encoded => GM => Decoded-Binary ] -> Onehot,GM,TF-MultiHead,encoded,decoded,True,centroid,Onehot -> [ [TF-SFT]-ENC => GM => DEC-BIN ] -> Onehot
Train,0.79,0.00048160552978515625,0,0,npl08,19.86372137069702,0.005187511444091797,Electricity,KNeighborsClassifier,50,onehot,onehot,Onehot -> [ TF-MultiHead-Encoded => GM => Encoded ] -> Onehot,GM,TF-MultiHead,encoded,encoded,False,centroid,Onehot -> [ [TF-SFT]-ENC => GM => ENC ] -> Onehot
Train - Original,0.6086791780104854,0.00048160552978515625,0,0,npl08,19.86372137069702,0.47326183319091797,Electricity,KNeighborsClassifier,50,onehot,onehot,Onehot -> [ TF-MultiHead-Encoded => GM => Encoded ] -> Onehot,GM,TF-MultiHead,encoded,encoded,False,centroid,Onehot -> [ [TF-SFT]-ENC => GM => ENC ] -> Onehot
Val,0.6070572224369207,0.00048160552978515625,0,0,npl08,19.86372137069702,0.10464072227478027,Electricity,KNeighborsClassifier,50,onehot,onehot,Onehot -> [ TF-MultiHead-Encoded => GM => Encoded ] -> Onehot,GM,TF-MultiHead,encoded,encoded,False,centroid,Onehot -> [ [TF-SFT]-ENC => GM => ENC ] -> Onehot
Test,0.6082926196070926,0.00048160552978515625,0,0,npl08,19.86372137069702,0.1038517951965332,Electricity,KNeighborsClassifier,50,onehot,onehot,Onehot -> [ TF-MultiHead-Encoded => GM => Encoded ] -> Onehot,GM,TF-MultiHead,encoded,encoded,False,centroid,Onehot -> [ [TF-SFT]-ENC => GM => ENC ] -> Onehot
Train,0.73,0.0006101131439208984,0,0,npl08,19.711668491363525,0.007547616958618164,Electricity,KNeighborsClassifier,50,onehot,onehot,Onehot -> [ TF-MultiHead-Encoded => GM => Decoded ] -> Onehot,GM,TF-MultiHead,encoded,decoded,False,centroid,Onehot -> [ [TF-SFT]-ENC => GM => DEC ] -> Onehot
Train - Original,0.5088035210080475,0.0006101131439208984,0,0,npl08,19.711668491363525,0.7518525123596191,Electricity,KNeighborsClassifier,50,onehot,onehot,Onehot -> [ TF-MultiHead-Encoded => GM => Decoded ] -> Onehot,GM,TF-MultiHead,encoded,decoded,False,centroid,Onehot -> [ [TF-SFT]-ENC => GM => DEC ] -> Onehot
Val,0.5074150276783874,0.0006101131439208984,0,0,npl08,19.711668491363525,0.2720010280609131,Electricity,KNeighborsClassifier,50,onehot,onehot,Onehot -> [ TF-MultiHead-Encoded => GM => Decoded ] -> Onehot,GM,TF-MultiHead,encoded,decoded,False,centroid,Onehot -> [ [TF-SFT]-ENC => GM => DEC ] -> Onehot
Test,0.509934547922581,0.0006101131439208984,0,0,npl08,19.711668491363525,0.28465962409973145,Electricity,KNeighborsClassifier,50,onehot,onehot,Onehot -> [ TF-MultiHead-Encoded => GM => Decoded ] -> Onehot,GM,TF-MultiHead,encoded,decoded,False,centroid,Onehot -> [ [TF-SFT]-ENC => GM => DEC ] -> Onehot
Train,0.76,0.00037860870361328125,0,0,npl08,19.728992700576782,0.04097342491149902,Electricity,KNeighborsClassifier,50,onehot,onehot,Onehot -> [ TF-MultiHead-Encoded => GM => Decoded-Binary ] -> Onehot,GM,TF-MultiHead,encoded,decoded,True,centroid,Onehot -> [ [TF-SFT]-ENC => GM => DEC-BIN ] -> Onehot
Train - Original,0.5952433624033894,0.00037860870361328125,0,0,npl08,19.728992700576782,0.7775020599365234,Electricity,KNeighborsClassifier,50,onehot,onehot,Onehot -> [ TF-MultiHead-Encoded => GM => Decoded-Binary ] -> Onehot,GM,TF-MultiHead,encoded,decoded,True,centroid,Onehot -> [ [TF-SFT]-ENC => GM => DEC-BIN ] -> Onehot
Val,0.601006002757473,0.00037860870361328125,0,0,npl08,19.728992700576782,0.7514278888702393,Electricity,KNeighborsClassifier,50,onehot,onehot,Onehot -> [ TF-MultiHead-Encoded => GM => Decoded-Binary ] -> Onehot,GM,TF-MultiHead,encoded,decoded,True,centroid,Onehot -> [ [TF-SFT]-ENC => GM => DEC-BIN ] -> Onehot
Test,0.6029123826434595,0.00037860870361328125,0,0,npl08,19.728992700576782,0.29886937141418457,Electricity,KNeighborsClassifier,50,onehot,onehot,Onehot -> [ TF-MultiHead-Encoded => GM => Decoded-Binary ] -> Onehot,GM,TF-MultiHead,encoded,decoded,True,centroid,Onehot -> [ [TF-SFT]-ENC => GM => DEC-BIN ] -> Onehot
Train,0.8300000000000001,0.0004410743713378906,0,0,npl08,20.41416883468628,0.005124330520629883,Electricity,KNeighborsClassifier,50,onehot,onehot,Onehot -> [ TF-MultiHead-Encoded => GM => Encoded ] -> Onehot,GM,TF-MultiHead,encoded,encoded,False,centroid,Onehot -> [ [TF-SFT]-ENC => GM => ENC ] -> Onehot
Train - Original,0.6300849447406589,0.0004410743713378906,0,0,npl08,20.41416883468628,0.468764066696167,Electricity,KNeighborsClassifier,50,onehot,onehot,Onehot -> [ TF-MultiHead-Encoded => GM => Encoded ] -> Onehot,GM,TF-MultiHead,encoded,encoded,False,centroid,Onehot -> [ [TF-SFT]-ENC => GM => ENC ] -> Onehot
Val,0.6388731039715443,0.0004410743713378906,0,0,npl08,20.41416883468628,0.1042792797088623,Electricity,KNeighborsClassifier,50,onehot,onehot,Onehot -> [ TF-MultiHead-Encoded => GM => Encoded ] -> Onehot,GM,TF-MultiHead,encoded,encoded,False,centroid,Onehot -> [ [TF-SFT]-ENC => GM => ENC ] -> Onehot
Test,0.6448218253926061,0.0004410743713378906,0,0,npl08,20.41416883468628,0.10659122467041016,Electricity,KNeighborsClassifier,50,onehot,onehot,Onehot -> [ TF-MultiHead-Encoded => GM => Encoded ] -> Onehot,GM,TF-MultiHead,encoded,encoded,False,centroid,Onehot -> [ [TF-SFT]-ENC => GM => ENC ] -> Onehot
Train,0.76,0.0006868839263916016,0,0,npl08,20.160140991210938,0.008911609649658203,Electricity,KNeighborsClassifier,50,onehot,onehot,Onehot -> [ TF-MultiHead-Encoded => GM => Decoded ] -> Onehot,GM,TF-MultiHead,encoded,decoded,False,centroid,Onehot -> [ [TF-SFT]-ENC => GM => DEC ] -> Onehot
Train - Original,0.49119647899195246,0.0006868839263916016,0,0,npl08,20.160140991210938,0.7523243427276611,Electricity,KNeighborsClassifier,50,onehot,onehot,Onehot -> [ TF-MultiHead-Encoded => GM => Decoded ] -> Onehot,GM,TF-MultiHead,encoded,decoded,False,centroid,Onehot -> [ [TF-SFT]-ENC => GM => DEC ] -> Onehot
Val,0.4925849723216125,0.0006868839263916016,0,0,npl08,20.160140991210938,0.2728269100189209,Electricity,KNeighborsClassifier,50,onehot,onehot,Onehot -> [ TF-MultiHead-Encoded => GM => Decoded ] -> Onehot,GM,TF-MultiHead,encoded,decoded,False,centroid,Onehot -> [ [TF-SFT]-ENC => GM => DEC ] -> Onehot
Test,0.490065452077419,0.0006868839263916016,0,0,npl08,20.160140991210938,0.27632784843444824,Electricity,KNeighborsClassifier,50,onehot,onehot,Onehot -> [ TF-MultiHead-Encoded => GM => Decoded ] -> Onehot,GM,TF-MultiHead,encoded,decoded,False,centroid,Onehot -> [ [TF-SFT]-ENC => GM => DEC ] -> Onehot
Train,0.78,0.0012824535369873047,0,0,npl08,19.79681134223938,0.05568552017211914,Electricity,KNeighborsClassifier,50,onehot,onehot,Onehot -> [ TF-MultiHead-Encoded => GM => Decoded-Binary ] -> Onehot,GM,TF-MultiHead,encoded,decoded,True,centroid,Onehot -> [ [TF-SFT]-ENC => GM => DEC-BIN ] -> Onehot
Train - Original,0.6077395830292014,0.0012824535369873047,0,0,npl08,19.79681134223938,0.8012216091156006,Electricity,KNeighborsClassifier,50,onehot,onehot,Onehot -> [ TF-MultiHead-Encoded => GM => Decoded-Binary ] -> Onehot,GM,TF-MultiHead,encoded,decoded,True,centroid,Onehot -> [ [TF-SFT]-ENC => GM => DEC-BIN ] -> Onehot
Val,0.6161773312757716,0.0012824535369873047,0,0,npl08,19.79681134223938,0.2899782657623291,Electricity,KNeighborsClassifier,50,onehot,onehot,Onehot -> [ TF-MultiHead-Encoded => GM => Decoded-Binary ] -> Onehot,GM,TF-MultiHead,encoded,decoded,True,centroid,Onehot -> [ [TF-SFT]-ENC => GM => DEC-BIN ] -> Onehot
Test,0.6111478967085234,0.0012824535369873047,0,0,npl08,19.79681134223938,0.28159546852111816,Electricity,KNeighborsClassifier,50,onehot,onehot,Onehot -> [ TF-MultiHead-Encoded => GM => Decoded-Binary ] -> Onehot,GM,TF-MultiHead,encoded,decoded,True,centroid,Onehot -> [ [TF-SFT]-ENC => GM => DEC-BIN ] -> Onehot
Train,0.74,0.0005409717559814453,0,0,npl08,19.839845895767212,0.006140947341918945,Electricity,KNeighborsClassifier,50,onehot,onehot,Onehot -> [ TF-MultiHead-Encoded => GM => Encoded ] -> Onehot,GM,TF-MultiHead,encoded,encoded,False,centroid,Onehot -> [ [TF-SFT]-ENC => GM => ENC ] -> Onehot
Train - Original,0.6123712876731876,0.0005409717559814453,0,0,npl08,19.839845895767212,0.47106337547302246,Electricity,KNeighborsClassifier,50,onehot,onehot,Onehot -> [ TF-MultiHead-Encoded => GM => Encoded ] -> Onehot,GM,TF-MultiHead,encoded,encoded,False,centroid,Onehot -> [ [TF-SFT]-ENC => GM => ENC ] -> Onehot
Val,0.6140364889406056,0.0005409717559814453,0,0,npl08,19.839845895767212,0.10507678985595703,Electricity,KNeighborsClassifier,50,onehot,onehot,Onehot -> [ TF-MultiHead-Encoded => GM => Encoded ] -> Onehot,GM,TF-MultiHead,encoded,encoded,False,centroid,Onehot -> [ [TF-SFT]-ENC => GM => ENC ] -> Onehot
Test,0.6054380513409392,0.0005409717559814453,0,0,npl08,19.839845895767212,0.10975813865661621,Electricity,KNeighborsClassifier,50,onehot,onehot,Onehot -> [ TF-MultiHead-Encoded => GM => Encoded ] -> Onehot,GM,TF-MultiHead,encoded,encoded,False,centroid,Onehot -> [ [TF-SFT]-ENC => GM => ENC ] -> Onehot
Train,0.7,0.0005450248718261719,0,0,silkworm,33.32010793685913,0.048490047454833984,Electricity,KNeighborsClassifier,60,onehot,onehot,Onehot -> [ GM => Original ] -> Onehot,GM,N/A,original,original,False,centroid,Onehot -> [ GM => ORI ] -> Onehot
Train - Original,0.5992893759362586,0.0005450248718261719,0,0,silkworm,33.32010793685913,0.5252993106842041,Electricity,KNeighborsClassifier,60,onehot,onehot,Onehot -> [ GM => Original ] -> Onehot,GM,N/A,original,original,False,centroid,Onehot -> [ GM => ORI ] -> Onehot
Val,0.6080516279314541,0.0005450248718261719,0,0,silkworm,33.32010793685913,0.24010729789733887,Electricity,KNeighborsClassifier,60,onehot,onehot,Onehot -> [ GM => Original ] -> Onehot,GM,N/A,original,original,False,centroid,Onehot -> [ GM => ORI ] -> Onehot
Test,0.6058148858952412,0.0005450248718261719,0,0,silkworm,33.32010793685913,0.18159818649291992,Electricity,KNeighborsClassifier,60,onehot,onehot,Onehot -> [ GM => Original ] -> Onehot,GM,N/A,original,original,False,centroid,Onehot -> [ GM => ORI ] -> Onehot
Train,0.625,0.0005245208740234375,0,0,silkworm,33.74164152145386,0.045099496841430664,Electricity,KNeighborsClassifier,60,onehot,onehot,Onehot -> [ GM => Original ] -> Onehot,GM,N/A,original,original,False,centroid,Onehot -> [ GM => ORI ] -> Onehot
Train - Original,0.5692444781589523,0.0005245208740234375,0,0,silkworm,33.74164152145386,0.5491759777069092,Electricity,KNeighborsClassifier,60,onehot,onehot,Onehot -> [ GM => Original ] -> Onehot,GM,N/A,original,original,False,centroid,Onehot -> [ GM => ORI ] -> Onehot
Val,0.5664944442111407,0.0005245208740234375,0,0,silkworm,33.74164152145386,0.1797797679901123,Electricity,KNeighborsClassifier,60,onehot,onehot,Onehot -> [ GM => Original ] -> Onehot,GM,N/A,original,original,False,centroid,Onehot -> [ GM => ORI ] -> Onehot
Test,0.5732846629311048,0.0005245208740234375,0,0,silkworm,33.74164152145386,0.16951727867126465,Electricity,KNeighborsClassifier,60,onehot,onehot,Onehot -> [ GM => Original ] -> Onehot,GM,N/A,original,original,False,centroid,Onehot -> [ GM => ORI ] -> Onehot
Train,0.6916666666666667,0.0005769729614257812,0,0,silkworm,33.5798773765564,0.045864105224609375,Electricity,KNeighborsClassifier,60,onehot,onehot,Onehot -> [ GM => Original ] -> Onehot,GM,N/A,original,original,False,centroid,Onehot -> [ GM => ORI ] -> Onehot
Train - Original,0.5952512922131563,0.0005769729614257812,0,0,silkworm,33.5798773765564,0.5430309772491455,Electricity,KNeighborsClassifier,60,onehot,onehot,Onehot -> [ GM => Original ] -> Onehot,GM,N/A,original,original,False,centroid,Onehot -> [ GM => ORI ] -> Onehot
Val,0.6057179113302866,0.0005769729614257812,0,0,silkworm,33.5798773765564,0.16134357452392578,Electricity,KNeighborsClassifier,60,onehot,onehot,Onehot -> [ GM => Original ] -> Onehot,GM,N/A,original,original,False,centroid,Onehot -> [ GM => ORI ] -> Onehot
Test,0.5949133537477893,0.0005769729614257812,0,0,silkworm,33.5798773765564,0.3481638431549072,Electricity,KNeighborsClassifier,60,onehot,onehot,Onehot -> [ GM => Original ] -> Onehot,GM,N/A,original,original,False,centroid,Onehot -> [ GM => ORI ] -> Onehot
Train,0.7583333333333333,0.0005261898040771484,0,0,silkworm,33.44659352302551,0.048793792724609375,Electricity,KNeighborsClassifier,60,onehot,onehot,Onehot -> [ GM => Original ] -> Onehot,GM,N/A,original,original,False,centroid,Onehot -> [ GM => ORI ] -> Onehot
Train - Original,0.6075881883542773,0.0005261898040771484,0,0,silkworm,33.44659352302551,0.5129024982452393,Electricity,KNeighborsClassifier,60,onehot,onehot,Onehot -> [ GM => Original ] -> Onehot,GM,N/A,original,original,False,centroid,Onehot -> [ GM => ORI ] -> Onehot
Val,0.6146103275354107,0.0005261898040771484,0,0,silkworm,33.44659352302551,0.16898894309997559,Electricity,KNeighborsClassifier,60,onehot,onehot,Onehot -> [ GM => Original ] -> Onehot,GM,N/A,original,original,False,centroid,Onehot -> [ GM => ORI ] -> Onehot
Test,0.618542953645717,0.0005261898040771484,0,0,silkworm,33.44659352302551,0.2734107971191406,Electricity,KNeighborsClassifier,60,onehot,onehot,Onehot -> [ GM => Original ] -> Onehot,GM,N/A,original,original,False,centroid,Onehot -> [ GM => ORI ] -> Onehot
Train,0.6583333333333333,0.0005662441253662109,0,0,silkworm,33.5470495223999,0.04951310157775879,Electricity,KNeighborsClassifier,60,onehot,onehot,Onehot -> [ GM => Original ] -> Onehot,GM,N/A,original,original,False,centroid,Onehot -> [ GM => ORI ] -> Onehot
Train - Original,0.6030651127461899,0.0005662441253662109,0,0,silkworm,33.5470495223999,0.5296180248260498,Electricity,KNeighborsClassifier,60,onehot,onehot,Onehot -> [ GM => Original ] -> Onehot,GM,N/A,original,original,False,centroid,Onehot -> [ GM => ORI ] -> Onehot
Val,0.6036041351817368,0.0005662441253662109,0,0,silkworm,33.5470495223999,0.32154035568237305,Electricity,KNeighborsClassifier,60,onehot,onehot,Onehot -> [ GM => Original ] -> Onehot,GM,N/A,original,original,False,centroid,Onehot -> [ GM => ORI ] -> Onehot
Test,0.599466645756026,0.0005662441253662109,0,0,silkworm,33.5470495223999,0.2642040252685547,Electricity,KNeighborsClassifier,60,onehot,onehot,Onehot -> [ GM => Original ] -> Onehot,GM,N/A,original,original,False,centroid,Onehot -> [ GM => ORI ] -> Onehot
Train,0.6583333333333333,0.0004086494445800781,0,0,npl08,19.8890323638916,0.006967067718505859,Electricity,KNeighborsClassifier,60,onehot,onehot,Onehot -> [ TF-MultiHead-Encoded => GM => Decoded ] -> Onehot,GM,TF-MultiHead,encoded,decoded,False,centroid,Onehot -> [ [TF-SFT]-ENC => GM => DEC ] -> Onehot
Train - Original,0.5,0.0004086494445800781,0,0,npl08,19.8890323638916,0.726090669631958,Electricity,KNeighborsClassifier,60,onehot,onehot,Onehot -> [ TF-MultiHead-Encoded => GM => Decoded ] -> Onehot,GM,TF-MultiHead,encoded,decoded,False,centroid,Onehot -> [ [TF-SFT]-ENC => GM => DEC ] -> Onehot
Val,0.5,0.0004086494445800781,0,0,npl08,19.8890323638916,0.24595260620117188,Electricity,KNeighborsClassifier,60,onehot,onehot,Onehot -> [ TF-MultiHead-Encoded => GM => Decoded ] -> Onehot,GM,TF-MultiHead,encoded,decoded,False,centroid,Onehot -> [ [TF-SFT]-ENC => GM => DEC ] -> Onehot
Test,0.5,0.0004086494445800781,0,0,npl08,19.8890323638916,0.3030405044555664,Electricity,KNeighborsClassifier,60,onehot,onehot,Onehot -> [ TF-MultiHead-Encoded => GM => Decoded ] -> Onehot,GM,TF-MultiHead,encoded,decoded,False,centroid,Onehot -> [ [TF-SFT]-ENC => GM => DEC ] -> Onehot
Train,0.6833333333333333,0.00046253204345703125,0,0,npl08,19.846400499343872,0.05365443229675293,Electricity,KNeighborsClassifier,60,onehot,onehot,Onehot -> [ TF-MultiHead-Encoded => GM => Decoded-Binary ] -> Onehot,GM,TF-MultiHead,encoded,decoded,True,centroid,Onehot -> [ [TF-SFT]-ENC => GM => DEC-BIN ] -> Onehot
Train - Original,0.6004032924667799,0.00046253204345703125,0,0,npl08,19.846400499343872,0.7465305328369141,Electricity,KNeighborsClassifier,60,onehot,onehot,Onehot -> [ TF-MultiHead-Encoded => GM => Decoded-Binary ] -> Onehot,GM,TF-MultiHead,encoded,decoded,True,centroid,Onehot -> [ [TF-SFT]-ENC => GM => DEC-BIN ] -> Onehot
Val,0.6085713784512046,0.00046253204345703125,0,0,npl08,19.846400499343872,0.2556943893432617,Electricity,KNeighborsClassifier,60,onehot,onehot,Onehot -> [ TF-MultiHead-Encoded => GM => Decoded-Binary ] -> Onehot,GM,TF-MultiHead,encoded,decoded,True,centroid,Onehot -> [ [TF-SFT]-ENC => GM => DEC-BIN ] -> Onehot
Test,0.6073291795586082,0.00046253204345703125,0,0,npl08,19.846400499343872,0.2965381145477295,Electricity,KNeighborsClassifier,60,onehot,onehot,Onehot -> [ TF-MultiHead-Encoded => GM => Decoded-Binary ] -> Onehot,GM,TF-MultiHead,encoded,decoded,True,centroid,Onehot -> [ [TF-SFT]-ENC => GM => DEC-BIN ] -> Onehot
Train,0.775,0.0003864765167236328,0,0,npl08,19.877044916152954,0.0052869319915771484,Electricity,KNeighborsClassifier,60,onehot,onehot,Onehot -> [ TF-MultiHead-Encoded => GM => Encoded ] -> Onehot,GM,TF-MultiHead,encoded,encoded,False,centroid,Onehot -> [ [TF-SFT]-ENC => GM => ENC ] -> Onehot
Train - Original,0.6295971821012094,0.0003864765167236328,0,0,npl08,19.877044916152954,0.47228455543518066,Electricity,KNeighborsClassifier,60,onehot,onehot,Onehot -> [ TF-MultiHead-Encoded => GM => Encoded ] -> Onehot,GM,TF-MultiHead,encoded,encoded,False,centroid,Onehot -> [ [TF-SFT]-ENC => GM => ENC ] -> Onehot
Val,0.6144966584112583,0.0003864765167236328,0,0,npl08,19.877044916152954,0.10487818717956543,Electricity,KNeighborsClassifier,60,onehot,onehot,Onehot -> [ TF-MultiHead-Encoded => GM => Encoded ] -> Onehot,GM,TF-MultiHead,encoded,encoded,False,centroid,Onehot -> [ [TF-SFT]-ENC => GM => ENC ] -> Onehot
Test,0.6145696661031427,0.0003864765167236328,0,0,npl08,19.877044916152954,0.1060638427734375,Electricity,KNeighborsClassifier,60,onehot,onehot,Onehot -> [ TF-MultiHead-Encoded => GM => Encoded ] -> Onehot,GM,TF-MultiHead,encoded,encoded,False,centroid,Onehot -> [ [TF-SFT]-ENC => GM => ENC ] -> Onehot
Train,0.7,0.00043320655822753906,0,0,npl08,20.286428213119507,0.006970882415771484,Electricity,KNeighborsClassifier,60,onehot,onehot,Onehot -> [ TF-MultiHead-Encoded => GM => Decoded ] -> Onehot,GM,TF-MultiHead,encoded,decoded,False,centroid,Onehot -> [ [TF-SFT]-ENC => GM => DEC ] -> Onehot
Train - Original,0.5,0.00043320655822753906,0,0,npl08,20.286428213119507,0.7441895008087158,Electricity,KNeighborsClassifier,60,onehot,onehot,Onehot -> [ TF-MultiHead-Encoded => GM => Decoded ] -> Onehot,GM,TF-MultiHead,encoded,decoded,False,centroid,Onehot -> [ [TF-SFT]-ENC => GM => DEC ] -> Onehot
Val,0.5,0.00043320655822753906,0,0,npl08,20.286428213119507,0.2895972728729248,Electricity,KNeighborsClassifier,60,onehot,onehot,Onehot -> [ TF-MultiHead-Encoded => GM => Decoded ] -> Onehot,GM,TF-MultiHead,encoded,decoded,False,centroid,Onehot -> [ [TF-SFT]-ENC => GM => DEC ] -> Onehot
Test,0.5,0.00043320655822753906,0,0,npl08,20.286428213119507,0.2620842456817627,Electricity,KNeighborsClassifier,60,onehot,onehot,Onehot -> [ TF-MultiHead-Encoded => GM => Decoded ] -> Onehot,GM,TF-MultiHead,encoded,decoded,False,centroid,Onehot -> [ [TF-SFT]-ENC => GM => DEC ] -> Onehot
Train,0.7666666666666666,0.0003829002380371094,0,0,npl08,20.31232738494873,0.058852195739746094,Electricity,KNeighborsClassifier,60,onehot,onehot,Onehot -> [ TF-MultiHead-Encoded => GM => Decoded-Binary ] -> Onehot,GM,TF-MultiHead,encoded,decoded,True,centroid,Onehot -> [ [TF-SFT]-ENC => GM => DEC-BIN ] -> Onehot
Train - Original,0.5692444781589523,0.0003829002380371094,0,0,npl08,20.31232738494873,0.7886428833007812,Electricity,KNeighborsClassifier,60,onehot,onehot,Onehot -> [ TF-MultiHead-Encoded => GM => Decoded-Binary ] -> Onehot,GM,TF-MultiHead,encoded,decoded,True,centroid,Onehot -> [ [TF-SFT]-ENC => GM => DEC-BIN ] -> Onehot
Val,0.5664944442111407,0.0003829002380371094,0,0,npl08,20.31232738494873,0.26412343978881836,Electricity,KNeighborsClassifier,60,onehot,onehot,Onehot -> [ TF-MultiHead-Encoded => GM => Decoded-Binary ] -> Onehot,GM,TF-MultiHead,encoded,decoded,True,centroid,Onehot -> [ [TF-SFT]-ENC => GM => DEC-BIN ] -> Onehot
Test,0.5732846629311048,0.0003829002380371094,0,0,npl08,20.31232738494873,0.2545297145843506,Electricity,KNeighborsClassifier,60,onehot,onehot,Onehot -> [ TF-MultiHead-Encoded => GM => Decoded-Binary ] -> Onehot,GM,TF-MultiHead,encoded,decoded,True,centroid,Onehot -> [ [TF-SFT]-ENC => GM => DEC-BIN ] -> Onehot
Train,0.7833333333333333,0.0013248920440673828,0,0,npl08,20.51236391067505,0.008608102798461914,Electricity,KNeighborsClassifier,60,onehot,onehot,Onehot -> [ TF-MultiHead-Encoded => GM => Encoded ] -> Onehot,GM,TF-MultiHead,encoded,encoded,False,centroid,Onehot -> [ [TF-SFT]-ENC => GM => ENC ] -> Onehot
Train - Original,0.6064449897093935,0.0013248920440673828,0,0,npl08,20.51236391067505,0.6075630187988281,Electricity,KNeighborsClassifier,60,onehot,onehot,Onehot -> [ TF-MultiHead-Encoded => GM => Encoded ] -> Onehot,GM,TF-MultiHead,encoded,encoded,False,centroid,Onehot -> [ [TF-SFT]-ENC => GM => ENC ] -> Onehot
Val,0.6039087737502464,0.0013248920440673828,0,0,npl08,20.51236391067505,0.14028692245483398,Electricity,KNeighborsClassifier,60,onehot,onehot,Onehot -> [ TF-MultiHead-Encoded => GM => Encoded ] -> Onehot,GM,TF-MultiHead,encoded,encoded,False,centroid,Onehot -> [ [TF-SFT]-ENC => GM => ENC ] -> Onehot
Test,0.5991936555698504,0.0013248920440673828,0,0,npl08,20.51236391067505,0.13584208488464355,Electricity,KNeighborsClassifier,60,onehot,onehot,Onehot -> [ TF-MultiHead-Encoded => GM => Encoded ] -> Onehot,GM,TF-MultiHead,encoded,encoded,False,centroid,Onehot -> [ [TF-SFT]-ENC => GM => ENC ] -> Onehot
Train,0.7,0.00060272216796875,0,0,npl08,19.90628218650818,0.00743865966796875,Electricity,KNeighborsClassifier,60,onehot,onehot,Onehot -> [ TF-MultiHead-Encoded => GM => Decoded ] -> Onehot,GM,TF-MultiHead,encoded,decoded,False,centroid,Onehot -> [ [TF-SFT]-ENC => GM => DEC ] -> Onehot
Train - Original,0.5,0.00060272216796875,0,0,npl08,19.90628218650818,0.7515597343444824,Electricity,KNeighborsClassifier,60,onehot,onehot,Onehot -> [ TF-MultiHead-Encoded => GM => Decoded ] -> Onehot,GM,TF-MultiHead,encoded,decoded,False,centroid,Onehot -> [ [TF-SFT]-ENC => GM => DEC ] -> Onehot
Val,0.5,0.00060272216796875,0,0,npl08,19.90628218650818,0.29524707794189453,Electricity,KNeighborsClassifier,60,onehot,onehot,Onehot -> [ TF-MultiHead-Encoded => GM => Decoded ] -> Onehot,GM,TF-MultiHead,encoded,decoded,False,centroid,Onehot -> [ [TF-SFT]-ENC => GM => DEC ] -> Onehot
Test,0.5,0.00060272216796875,0,0,npl08,19.90628218650818,0.29024457931518555,Electricity,KNeighborsClassifier,60,onehot,onehot,Onehot -> [ TF-MultiHead-Encoded => GM => Decoded ] -> Onehot,GM,TF-MultiHead,encoded,decoded,False,centroid,Onehot -> [ [TF-SFT]-ENC => GM => DEC ] -> Onehot
Train,0.7583333333333333,0.0003380775451660156,0,0,npl08,19.87773847579956,0.05179309844970703,Electricity,KNeighborsClassifier,60,onehot,onehot,Onehot -> [ TF-MultiHead-Encoded => GM => Decoded-Binary ] -> Onehot,GM,TF-MultiHead,encoded,decoded,True,centroid,Onehot -> [ [TF-SFT]-ENC => GM => DEC-BIN ] -> Onehot
Train - Original,0.5961247674722638,0.0003380775451660156,0,0,npl08,19.87773847579956,0.7705976963043213,Electricity,KNeighborsClassifier,60,onehot,onehot,Onehot -> [ TF-MultiHead-Encoded => GM => Decoded-Binary ] -> Onehot,GM,TF-MultiHead,encoded,decoded,True,centroid,Onehot -> [ [TF-SFT]-ENC => GM => DEC-BIN ] -> Onehot
Val,0.606930662543038,0.0003380775451660156,0,0,npl08,19.87773847579956,0.23617339134216309,Electricity,KNeighborsClassifier,60,onehot,onehot,Onehot -> [ TF-MultiHead-Encoded => GM => Decoded-Binary ] -> Onehot,GM,TF-MultiHead,encoded,decoded,True,centroid,Onehot -> [ [TF-SFT]-ENC => GM => DEC-BIN ] -> Onehot
Test,0.5954332844236991,0.0003380775451660156,0,0,npl08,19.87773847579956,0.280062198638916,Electricity,KNeighborsClassifier,60,onehot,onehot,Onehot -> [ TF-MultiHead-Encoded => GM => Decoded-Binary ] -> Onehot,GM,TF-MultiHead,encoded,decoded,True,centroid,Onehot -> [ [TF-SFT]-ENC => GM => DEC-BIN ] -> Onehot
Train,0.7749999999999999,0.0005388259887695312,0,0,npl08,19.852110624313354,0.006371498107910156,Electricity,KNeighborsClassifier,60,onehot,onehot,Onehot -> [ TF-MultiHead-Encoded => GM => Encoded ] -> Onehot,GM,TF-MultiHead,encoded,encoded,False,centroid,Onehot -> [ [TF-SFT]-ENC => GM => ENC ] -> Onehot
Train - Original,0.6159891525084775,0.0005388259887695312,0,0,npl08,19.852110624313354,0.4689297676086426,Electricity,KNeighborsClassifier,60,onehot,onehot,Onehot -> [ TF-MultiHead-Encoded => GM => Encoded ] -> Onehot,GM,TF-MultiHead,encoded,encoded,False,centroid,Onehot -> [ [TF-SFT]-ENC => GM => ENC ] -> Onehot
Val,0.6142632070144216,0.0005388259887695312,0,0,npl08,19.852110624313354,0.10518550872802734,Electricity,KNeighborsClassifier,60,onehot,onehot,Onehot -> [ TF-MultiHead-Encoded => GM => Encoded ] -> Onehot,GM,TF-MultiHead,encoded,encoded,False,centroid,Onehot -> [ [TF-SFT]-ENC => GM => ENC ] -> Onehot
Test,0.6170317611366882,0.0005388259887695312,0,0,npl08,19.852110624313354,0.11919617652893066,Electricity,KNeighborsClassifier,60,onehot,onehot,Onehot -> [ TF-MultiHead-Encoded => GM => Encoded ] -> Onehot,GM,TF-MultiHead,encoded,encoded,False,centroid,Onehot -> [ [TF-SFT]-ENC => GM => ENC ] -> Onehot
Train,0.7083333333333333,0.00047898292541503906,0,0,npl08,19.881929397583008,0.007021427154541016,Electricity,KNeighborsClassifier,60,onehot,onehot,Onehot -> [ TF-MultiHead-Encoded => GM => Decoded ] -> Onehot,GM,TF-MultiHead,encoded,decoded,False,centroid,Onehot -> [ [TF-SFT]-ENC => GM => DEC ] -> Onehot
Train - Original,0.507883268415492,0.00047898292541503906,0,0,npl08,19.881929397583008,0.706989049911499,Electricity,KNeighborsClassifier,60,onehot,onehot,Onehot -> [ TF-MultiHead-Encoded => GM => Decoded ] -> Onehot,GM,TF-MultiHead,encoded,decoded,False,centroid,Onehot -> [ [TF-SFT]-ENC => GM => DEC ] -> Onehot
Val,0.5056204199006551,0.00047898292541503906,0,0,npl08,19.881929397583008,0.2903125286102295,Electricity,KNeighborsClassifier,60,onehot,onehot,Onehot -> [ TF-MultiHead-Encoded => GM => Decoded ] -> Onehot,GM,TF-MultiHead,encoded,decoded,False,centroid,Onehot -> [ [TF-SFT]-ENC => GM => DEC ] -> Onehot
Test,0.5074536244519817,0.00047898292541503906,0,0,npl08,19.881929397583008,0.2666802406311035,Electricity,KNeighborsClassifier,60,onehot,onehot,Onehot -> [ TF-MultiHead-Encoded => GM => Decoded ] -> Onehot,GM,TF-MultiHead,encoded,decoded,False,centroid,Onehot -> [ [TF-SFT]-ENC => GM => DEC ] -> Onehot
Train,0.8583333333333334,0.00037384033203125,0,0,npl08,19.890344858169556,0.05718255043029785,Electricity,KNeighborsClassifier,60,onehot,onehot,Onehot -> [ TF-MultiHead-Encoded => GM => Decoded-Binary ] -> Onehot,GM,TF-MultiHead,encoded,decoded,True,centroid,Onehot -> [ [TF-SFT]-ENC => GM => DEC-BIN ] -> Onehot
Train - Original,0.6075881883542773,0.00037384033203125,0,0,npl08,19.890344858169556,0.7617323398590088,Electricity,KNeighborsClassifier,60,onehot,onehot,Onehot -> [ TF-MultiHead-Encoded => GM => Decoded-Binary ] -> Onehot,GM,TF-MultiHead,encoded,decoded,True,centroid,Onehot -> [ [TF-SFT]-ENC => GM => DEC-BIN ] -> Onehot
Val,0.6146103275354107,0.00037384033203125,0,0,npl08,19.890344858169556,0.3011898994445801,Electricity,KNeighborsClassifier,60,onehot,onehot,Onehot -> [ TF-MultiHead-Encoded => GM => Decoded-Binary ] -> Onehot,GM,TF-MultiHead,encoded,decoded,True,centroid,Onehot -> [ [TF-SFT]-ENC => GM => DEC-BIN ] -> Onehot
Test,0.618542953645717,0.00037384033203125,0,0,npl08,19.890344858169556,0.283855676651001,Electricity,KNeighborsClassifier,60,onehot,onehot,Onehot -> [ TF-MultiHead-Encoded => GM => Decoded-Binary ] -> Onehot,GM,TF-MultiHead,encoded,decoded,True,centroid,Onehot -> [ [TF-SFT]-ENC => GM => DEC-BIN ] -> Onehot
Train,0.8,0.0004851818084716797,0,0,npl08,19.816915035247803,0.006128787994384766,Electricity,KNeighborsClassifier,60,onehot,onehot,Onehot -> [ TF-MultiHead-Encoded => GM => Encoded ] -> Onehot,GM,TF-MultiHead,encoded,encoded,False,centroid,Onehot -> [ [TF-SFT]-ENC => GM => ENC ] -> Onehot
Train - Original,0.6371122168415067,0.0004851818084716797,0,0,npl08,19.816915035247803,0.47457313537597656,Electricity,KNeighborsClassifier,60,onehot,onehot,Onehot -> [ TF-MultiHead-Encoded => GM => Encoded ] -> Onehot,GM,TF-MultiHead,encoded,encoded,False,centroid,Onehot -> [ [TF-SFT]-ENC => GM => ENC ] -> Onehot
Val,0.642767046691874,0.0004851818084716797,0,0,npl08,19.816915035247803,0.10742068290710449,Electricity,KNeighborsClassifier,60,onehot,onehot,Onehot -> [ TF-MultiHead-Encoded => GM => Encoded ] -> Onehot,GM,TF-MultiHead,encoded,encoded,False,centroid,Onehot -> [ [TF-SFT]-ENC => GM => ENC ] -> Onehot
Test,0.6406408491137787,0.0004851818084716797,0,0,npl08,19.816915035247803,0.11204981803894043,Electricity,KNeighborsClassifier,60,onehot,onehot,Onehot -> [ TF-MultiHead-Encoded => GM => Encoded ] -> Onehot,GM,TF-MultiHead,encoded,encoded,False,centroid,Onehot -> [ [TF-SFT]-ENC => GM => ENC ] -> Onehot
Train,0.7583333333333333,0.0004992485046386719,0,0,npl08,20.066763401031494,0.008089780807495117,Electricity,KNeighborsClassifier,60,onehot,onehot,Onehot -> [ TF-MultiHead-Encoded => GM => Decoded ] -> Onehot,GM,TF-MultiHead,encoded,decoded,False,centroid,Onehot -> [ [TF-SFT]-ENC => GM => DEC ] -> Onehot
Train - Original,0.49119647899195246,0.0004992485046386719,0,0,npl08,20.066763401031494,0.7895965576171875,Electricity,KNeighborsClassifier,60,onehot,onehot,Onehot -> [ TF-MultiHead-Encoded => GM => Decoded ] -> Onehot,GM,TF-MultiHead,encoded,decoded,False,centroid,Onehot -> [ [TF-SFT]-ENC => GM => DEC ] -> Onehot
Val,0.4925849723216125,0.0004992485046386719,0,0,npl08,20.066763401031494,0.28759288787841797,Electricity,KNeighborsClassifier,60,onehot,onehot,Onehot -> [ TF-MultiHead-Encoded => GM => Decoded ] -> Onehot,GM,TF-MultiHead,encoded,decoded,False,centroid,Onehot -> [ [TF-SFT]-ENC => GM => DEC ] -> Onehot
Test,0.490065452077419,0.0004992485046386719,0,0,npl08,20.066763401031494,0.3085789680480957,Electricity,KNeighborsClassifier,60,onehot,onehot,Onehot -> [ TF-MultiHead-Encoded => GM => Decoded ] -> Onehot,GM,TF-MultiHead,encoded,decoded,False,centroid,Onehot -> [ [TF-SFT]-ENC => GM => DEC ] -> Onehot
Train,0.7416666666666667,0.0005559921264648438,0,0,npl08,20.2858726978302,0.06064200401306152,Electricity,KNeighborsClassifier,60,onehot,onehot,Onehot -> [ TF-MultiHead-Encoded => GM => Decoded-Binary ] -> Onehot,GM,TF-MultiHead,encoded,decoded,True,centroid,Onehot -> [ [TF-SFT]-ENC => GM => DEC-BIN ] -> Onehot
Train - Original,0.6033073686380019,0.0005559921264648438,0,0,npl08,20.2858726978302,0.7858812808990479,Electricity,KNeighborsClassifier,60,onehot,onehot,Onehot -> [ TF-MultiHead-Encoded => GM => Decoded-Binary ] -> Onehot,GM,TF-MultiHead,encoded,decoded,True,centroid,Onehot -> [ [TF-SFT]-ENC => GM => DEC-BIN ] -> Onehot
Val,0.6034308850084866,0.0005559921264648438,0,0,npl08,20.2858726978302,0.2812511920928955,Electricity,KNeighborsClassifier,60,onehot,onehot,Onehot -> [ TF-MultiHead-Encoded => GM => Decoded-Binary ] -> Onehot,GM,TF-MultiHead,encoded,decoded,True,centroid,Onehot -> [ [TF-SFT]-ENC => GM => DEC-BIN ] -> Onehot
Test,0.5986455929938721,0.0005559921264648438,0,0,npl08,20.2858726978302,0.29639387130737305,Electricity,KNeighborsClassifier,60,onehot,onehot,Onehot -> [ TF-MultiHead-Encoded => GM => Decoded-Binary ] -> Onehot,GM,TF-MultiHead,encoded,decoded,True,centroid,Onehot -> [ [TF-SFT]-ENC => GM => DEC-BIN ] -> Onehot
Train,0.7333333333333333,0.0004260540008544922,0,0,npl08,20.130509614944458,0.008824825286865234,Electricity,KNeighborsClassifier,60,onehot,onehot,Onehot -> [ TF-MultiHead-Encoded => GM => Encoded ] -> Onehot,GM,TF-MultiHead,encoded,encoded,False,centroid,Onehot -> [ [TF-SFT]-ENC => GM => ENC ] -> Onehot
Train - Original,0.6192908705975804,0.0004260540008544922,0,0,npl08,20.130509614944458,0.474973201751709,Electricity,KNeighborsClassifier,60,onehot,onehot,Onehot -> [ TF-MultiHead-Encoded => GM => Encoded ] -> Onehot,GM,TF-MultiHead,encoded,encoded,False,centroid,Onehot -> [ [TF-SFT]-ENC => GM => ENC ] -> Onehot
Val,0.6138284646978076,0.0004260540008544922,0,0,npl08,20.130509614944458,0.10619544982910156,Electricity,KNeighborsClassifier,60,onehot,onehot,Onehot -> [ TF-MultiHead-Encoded => GM => Encoded ] -> Onehot,GM,TF-MultiHead,encoded,encoded,False,centroid,Onehot -> [ [TF-SFT]-ENC => GM => ENC ] -> Onehot
Test,0.6063605118499538,0.0004260540008544922,0,0,npl08,20.130509614944458,0.10953664779663086,Electricity,KNeighborsClassifier,60,onehot,onehot,Onehot -> [ TF-MultiHead-Encoded => GM => Encoded ] -> Onehot,GM,TF-MultiHead,encoded,encoded,False,centroid,Onehot -> [ [TF-SFT]-ENC => GM => ENC ] -> Onehot
Train,0.7071428571428572,0.0013811588287353516,0,0,silkworm,33.97185564041138,0.0482940673828125,Electricity,KNeighborsClassifier,70,onehot,onehot,Onehot -> [ GM => Original ] -> Onehot,GM,N/A,original,original,False,centroid,Onehot -> [ GM => ORI ] -> Onehot
Train - Original,0.5942924931774342,0.0013811588287353516,0,0,silkworm,33.97185564041138,0.5295171737670898,Electricity,KNeighborsClassifier,70,onehot,onehot,Onehot -> [ GM => Original ] -> Onehot,GM,N/A,original,original,False,centroid,Onehot -> [ GM => ORI ] -> Onehot
Val,0.5956371965065395,0.0013811588287353516,0,0,silkworm,33.97185564041138,0.16652870178222656,Electricity,KNeighborsClassifier,70,onehot,onehot,Onehot -> [ GM => Original ] -> Onehot,GM,N/A,original,original,False,centroid,Onehot -> [ GM => ORI ] -> Onehot
Test,0.6091095079619921,0.0013811588287353516,0,0,silkworm,33.97185564041138,0.1710042953491211,Electricity,KNeighborsClassifier,70,onehot,onehot,Onehot -> [ GM => Original ] -> Onehot,GM,N/A,original,original,False,centroid,Onehot -> [ GM => ORI ] -> Onehot
Train,0.6642857142857144,0.0005481243133544922,0,0,silkworm,33.57911252975464,0.047322988510131836,Electricity,KNeighborsClassifier,70,onehot,onehot,Onehot -> [ GM => Original ] -> Onehot,GM,N/A,original,original,False,centroid,Onehot -> [ GM => ORI ] -> Onehot
Train - Original,0.5855846099879506,0.0005481243133544922,0,0,silkworm,33.57911252975464,0.5717902183532715,Electricity,KNeighborsClassifier,70,onehot,onehot,Onehot -> [ GM => Original ] -> Onehot,GM,N/A,original,original,False,centroid,Onehot -> [ GM => ORI ] -> Onehot
Val,0.5803399725670244,0.0005481243133544922,0,0,silkworm,33.57911252975464,0.2802586555480957,Electricity,KNeighborsClassifier,70,onehot,onehot,Onehot -> [ GM => Original ] -> Onehot,GM,N/A,original,original,False,centroid,Onehot -> [ GM => ORI ] -> Onehot
Test,0.5870709774484056,0.0005481243133544922,0,0,silkworm,33.57911252975464,0.23809170722961426,Electricity,KNeighborsClassifier,70,onehot,onehot,Onehot -> [ GM => Original ] -> Onehot,GM,N/A,original,original,False,centroid,Onehot -> [ GM => ORI ] -> Onehot
Train,0.7142857142857142,0.0005621910095214844,0,0,silkworm,33.81780409812927,0.04684591293334961,Electricity,KNeighborsClassifier,70,onehot,onehot,Onehot -> [ GM => Original ] -> Onehot,GM,N/A,original,original,False,centroid,Onehot -> [ GM => ORI ] -> Onehot
Train - Original,0.6086738073850917,0.0005621910095214844,0,0,silkworm,33.81780409812927,0.6309616565704346,Electricity,KNeighborsClassifier,70,onehot,onehot,Onehot -> [ GM => Original ] -> Onehot,GM,N/A,original,original,False,centroid,Onehot -> [ GM => ORI ] -> Onehot
Val,0.610577598624134,0.0005621910095214844,0,0,silkworm,33.81780409812927,0.25783658027648926,Electricity,KNeighborsClassifier,70,onehot,onehot,Onehot -> [ GM => Original ] -> Onehot,GM,N/A,original,original,False,centroid,Onehot -> [ GM => ORI ] -> Onehot
Test,0.6140580642417413,0.0005621910095214844,0,0,silkworm,33.81780409812927,0.16775178909301758,Electricity,KNeighborsClassifier,70,onehot,onehot,Onehot -> [ GM => Original ] -> Onehot,GM,N/A,original,original,False,centroid,Onehot -> [ GM => ORI ] -> Onehot
Train,0.7214285714285714,0.0005426406860351562,0,0,silkworm,33.43708682060242,0.05017852783203125,Electricity,KNeighborsClassifier,70,onehot,onehot,Onehot -> [ GM => Original ] -> Onehot,GM,N/A,original,original,False,centroid,Onehot -> [ GM => ORI ] -> Onehot
Train - Original,0.6177893535912021,0.0005426406860351562,0,0,silkworm,33.43708682060242,0.631014347076416,Electricity,KNeighborsClassifier,70,onehot,onehot,Onehot -> [ GM => Original ] -> Onehot,GM,N/A,original,original,False,centroid,Onehot -> [ GM => ORI ] -> Onehot
Val,0.6187444992737756,0.0005426406860351562,0,0,silkworm,33.43708682060242,0.32337450981140137,Electricity,KNeighborsClassifier,70,onehot,onehot,Onehot -> [ GM => Original ] -> Onehot,GM,N/A,original,original,False,centroid,Onehot -> [ GM => ORI ] -> Onehot
Test,0.6167407399531459,0.0005426406860351562,0,0,silkworm,33.43708682060242,0.33972787857055664,Electricity,KNeighborsClassifier,70,onehot,onehot,Onehot -> [ GM => Original ] -> Onehot,GM,N/A,original,original,False,centroid,Onehot -> [ GM => ORI ] -> Onehot
Train,0.6928571428571428,0.0005245208740234375,0,0,silkworm,33.450928926467896,0.04438591003417969,Electricity,KNeighborsClassifier,70,onehot,onehot,Onehot -> [ GM => Original ] -> Onehot,GM,N/A,original,original,False,centroid,Onehot -> [ GM => ORI ] -> Onehot
Train - Original,0.6084039171844356,0.0005245208740234375,0,0,silkworm,33.450928926467896,0.6554961204528809,Electricity,KNeighborsClassifier,70,onehot,onehot,Onehot -> [ GM => Original ] -> Onehot,GM,N/A,original,original,False,centroid,Onehot -> [ GM => ORI ] -> Onehot
Val,0.6085485205914763,0.0005245208740234375,0,0,silkworm,33.450928926467896,0.15609955787658691,Electricity,KNeighborsClassifier,70,onehot,onehot,Onehot -> [ GM => Original ] -> Onehot,GM,N/A,original,original,False,centroid,Onehot -> [ GM => ORI ] -> Onehot
Test,0.6092244721835316,0.0005245208740234375,0,0,silkworm,33.450928926467896,0.2706935405731201,Electricity,KNeighborsClassifier,70,onehot,onehot,Onehot -> [ GM => Original ] -> Onehot,GM,N/A,original,original,False,centroid,Onehot -> [ GM => ORI ] -> Onehot
Train,0.6928571428571428,0.0006682872772216797,0,0,npl08,20.389384269714355,0.008536338806152344,Electricity,KNeighborsClassifier,70,onehot,onehot,Onehot -> [ TF-MultiHead-Encoded => GM => Decoded ] -> Onehot,GM,TF-MultiHead,encoded,decoded,False,centroid,Onehot -> [ [TF-SFT]-ENC => GM => DEC ] -> Onehot
Train - Original,0.5,0.0006682872772216797,0,0,npl08,20.389384269714355,0.8248908519744873,Electricity,KNeighborsClassifier,70,onehot,onehot,Onehot -> [ TF-MultiHead-Encoded => GM => Decoded ] -> Onehot,GM,TF-MultiHead,encoded,decoded,False,centroid,Onehot -> [ [TF-SFT]-ENC => GM => DEC ] -> Onehot
Val,0.5,0.0006682872772216797,0,0,npl08,20.389384269714355,0.43128156661987305,Electricity,KNeighborsClassifier,70,onehot,onehot,Onehot -> [ TF-MultiHead-Encoded => GM => Decoded ] -> Onehot,GM,TF-MultiHead,encoded,decoded,False,centroid,Onehot -> [ [TF-SFT]-ENC => GM => DEC ] -> Onehot
Test,0.5,0.0006682872772216797,0,0,npl08,20.389384269714355,0.34012913703918457,Electricity,KNeighborsClassifier,70,onehot,onehot,Onehot -> [ TF-MultiHead-Encoded => GM => Decoded ] -> Onehot,GM,TF-MultiHead,encoded,decoded,False,centroid,Onehot -> [ [TF-SFT]-ENC => GM => DEC ] -> Onehot
Train,0.7214285714285714,0.001125335693359375,0,0,npl08,20.374419927597046,0.06564211845397949,Electricity,KNeighborsClassifier,70,onehot,onehot,Onehot -> [ TF-MultiHead-Encoded => GM => Decoded-Binary ] -> Onehot,GM,TF-MultiHead,encoded,decoded,True,centroid,Onehot -> [ [TF-SFT]-ENC => GM => DEC-BIN ] -> Onehot
Train - Original,0.5949590284753488,0.001125335693359375,0,0,npl08,20.374419927597046,0.7905261516571045,Electricity,KNeighborsClassifier,70,onehot,onehot,Onehot -> [ TF-MultiHead-Encoded => GM => Decoded-Binary ] -> Onehot,GM,TF-MultiHead,encoded,decoded,True,centroid,Onehot -> [ [TF-SFT]-ENC => GM => DEC-BIN ] -> Onehot
Val,0.5957650410475774,0.001125335693359375,0,0,npl08,20.374419927597046,0.28310060501098633,Electricity,KNeighborsClassifier,70,onehot,onehot,Onehot -> [ TF-MultiHead-Encoded => GM => Decoded-Binary ] -> Onehot,GM,TF-MultiHead,encoded,decoded,True,centroid,Onehot -> [ [TF-SFT]-ENC => GM => DEC-BIN ] -> Onehot
Test,0.6085440789217198,0.001125335693359375,0,0,npl08,20.374419927597046,0.27709484100341797,Electricity,KNeighborsClassifier,70,onehot,onehot,Onehot -> [ TF-MultiHead-Encoded => GM => Decoded-Binary ] -> Onehot,GM,TF-MultiHead,encoded,decoded,True,centroid,Onehot -> [ [TF-SFT]-ENC => GM => DEC-BIN ] -> Onehot
Train,0.7642857142857142,0.0005919933319091797,0,0,npl08,20.495564699172974,0.007250547409057617,Electricity,KNeighborsClassifier,70,onehot,onehot,Onehot -> [ TF-MultiHead-Encoded => GM => Encoded ] -> Onehot,GM,TF-MultiHead,encoded,encoded,False,centroid,Onehot -> [ [TF-SFT]-ENC => GM => ENC ] -> Onehot
Train - Original,0.6188270926829005,0.0005919933319091797,0,0,npl08,20.495564699172974,0.48051881790161133,Electricity,KNeighborsClassifier,70,onehot,onehot,Onehot -> [ TF-MultiHead-Encoded => GM => Encoded ] -> Onehot,GM,TF-MultiHead,encoded,encoded,False,centroid,Onehot -> [ [TF-SFT]-ENC => GM => ENC ] -> Onehot
Val,0.6016294553113781,0.0005919933319091797,0,0,npl08,20.495564699172974,0.1082298755645752,Electricity,KNeighborsClassifier,70,onehot,onehot,Onehot -> [ TF-MultiHead-Encoded => GM => Encoded ] -> Onehot,GM,TF-MultiHead,encoded,encoded,False,centroid,Onehot -> [ [TF-SFT]-ENC => GM => ENC ] -> Onehot
Test,0.607162470361825,0.0005919933319091797,0,0,npl08,20.495564699172974,0.10556721687316895,Electricity,KNeighborsClassifier,70,onehot,onehot,Onehot -> [ TF-MultiHead-Encoded => GM => Encoded ] -> Onehot,GM,TF-MultiHead,encoded,encoded,False,centroid,Onehot -> [ [TF-SFT]-ENC => GM => ENC ] -> Onehot
Train,0.7,0.0005433559417724609,0,0,npl08,20.380874156951904,0.008634328842163086,Electricity,KNeighborsClassifier,70,onehot,onehot,Onehot -> [ TF-MultiHead-Encoded => GM => Decoded ] -> Onehot,GM,TF-MultiHead,encoded,decoded,False,centroid,Onehot -> [ [TF-SFT]-ENC => GM => DEC ] -> Onehot
Train - Original,0.5,0.0005433559417724609,0,0,npl08,20.380874156951904,0.7897436618804932,Electricity,KNeighborsClassifier,70,onehot,onehot,Onehot -> [ TF-MultiHead-Encoded => GM => Decoded ] -> Onehot,GM,TF-MultiHead,encoded,decoded,False,centroid,Onehot -> [ [TF-SFT]-ENC => GM => DEC ] -> Onehot
Val,0.5,0.0005433559417724609,0,0,npl08,20.380874156951904,0.2940988540649414,Electricity,KNeighborsClassifier,70,onehot,onehot,Onehot -> [ TF-MultiHead-Encoded => GM => Decoded ] -> Onehot,GM,TF-MultiHead,encoded,decoded,False,centroid,Onehot -> [ [TF-SFT]-ENC => GM => DEC ] -> Onehot
Test,0.5,0.0005433559417724609,0,0,npl08,20.380874156951904,0.2788689136505127,Electricity,KNeighborsClassifier,70,onehot,onehot,Onehot -> [ TF-MultiHead-Encoded => GM => Decoded ] -> Onehot,GM,TF-MultiHead,encoded,decoded,False,centroid,Onehot -> [ [TF-SFT]-ENC => GM => DEC ] -> Onehot
Train,0.7285714285714286,0.0003616809844970703,0,0,npl08,19.960986375808716,0.06058478355407715,Electricity,KNeighborsClassifier,70,onehot,onehot,Onehot -> [ TF-MultiHead-Encoded => GM => Decoded-Binary ] -> Onehot,GM,TF-MultiHead,encoded,decoded,True,centroid,Onehot -> [ [TF-SFT]-ENC => GM => DEC-BIN ] -> Onehot
Train - Original,0.5855846099879506,0.0003616809844970703,0,0,npl08,19.960986375808716,0.8229234218597412,Electricity,KNeighborsClassifier,70,onehot,onehot,Onehot -> [ TF-MultiHead-Encoded => GM => Decoded-Binary ] -> Onehot,GM,TF-MultiHead,encoded,decoded,True,centroid,Onehot -> [ [TF-SFT]-ENC => GM => DEC-BIN ] -> Onehot
Val,0.5803399725670244,0.0003616809844970703,0,0,npl08,19.960986375808716,0.24616575241088867,Electricity,KNeighborsClassifier,70,onehot,onehot,Onehot -> [ TF-MultiHead-Encoded => GM => Decoded-Binary ] -> Onehot,GM,TF-MultiHead,encoded,decoded,True,centroid,Onehot -> [ [TF-SFT]-ENC => GM => DEC-BIN ] -> Onehot
Test,0.5870709774484056,0.0003616809844970703,0,0,npl08,19.960986375808716,0.4078545570373535,Electricity,KNeighborsClassifier,70,onehot,onehot,Onehot -> [ TF-MultiHead-Encoded => GM => Decoded-Binary ] -> Onehot,GM,TF-MultiHead,encoded,decoded,True,centroid,Onehot -> [ [TF-SFT]-ENC => GM => DEC-BIN ] -> Onehot
Train,0.7928571428571428,0.0004897117614746094,0,0,npl08,19.84876775741577,0.00682520866394043,Electricity,KNeighborsClassifier,70,onehot,onehot,Onehot -> [ TF-MultiHead-Encoded => GM => Encoded ] -> Onehot,GM,TF-MultiHead,encoded,encoded,False,centroid,Onehot -> [ [TF-SFT]-ENC => GM => ENC ] -> Onehot
Train - Original,0.6182853430522774,0.0004897117614746094,0,0,npl08,19.84876775741577,0.4734475612640381,Electricity,KNeighborsClassifier,70,onehot,onehot,Onehot -> [ TF-MultiHead-Encoded => GM => Encoded ] -> Onehot,GM,TF-MultiHead,encoded,encoded,False,centroid,Onehot -> [ [TF-SFT]-ENC => GM => ENC ] -> Onehot
Val,0.621593492278739,0.0004897117614746094,0,0,npl08,19.84876775741577,0.10616111755371094,Electricity,KNeighborsClassifier,70,onehot,onehot,Onehot -> [ TF-MultiHead-Encoded => GM => Encoded ] -> Onehot,GM,TF-MultiHead,encoded,encoded,False,centroid,Onehot -> [ [TF-SFT]-ENC => GM => ENC ] -> Onehot
Test,0.6157904576594968,0.0004897117614746094,0,0,npl08,19.84876775741577,0.10475635528564453,Electricity,KNeighborsClassifier,70,onehot,onehot,Onehot -> [ TF-MultiHead-Encoded => GM => Encoded ] -> Onehot,GM,TF-MultiHead,encoded,encoded,False,centroid,Onehot -> [ [TF-SFT]-ENC => GM => ENC ] -> Onehot
Train,0.6785714285714286,0.00038433074951171875,0,0,npl08,19.948217630386353,0.0075778961181640625,Electricity,KNeighborsClassifier,70,onehot,onehot,Onehot -> [ TF-MultiHead-Encoded => GM => Decoded ] -> Onehot,GM,TF-MultiHead,encoded,decoded,False,centroid,Onehot -> [ [TF-SFT]-ENC => GM => DEC ] -> Onehot
Train - Original,0.5,0.00038433074951171875,0,0,npl08,19.948217630386353,0.7802267074584961,Electricity,KNeighborsClassifier,70,onehot,onehot,Onehot -> [ TF-MultiHead-Encoded => GM => Decoded ] -> Onehot,GM,TF-MultiHead,encoded,decoded,False,centroid,Onehot -> [ [TF-SFT]-ENC => GM => DEC ] -> Onehot
Val,0.5,0.00038433074951171875,0,0,npl08,19.948217630386353,0.3350052833557129,Electricity,KNeighborsClassifier,70,onehot,onehot,Onehot -> [ TF-MultiHead-Encoded => GM => Decoded ] -> Onehot,GM,TF-MultiHead,encoded,decoded,False,centroid,Onehot -> [ [TF-SFT]-ENC => GM => DEC ] -> Onehot
Test,0.5,0.00038433074951171875,0,0,npl08,19.948217630386353,0.28472065925598145,Electricity,KNeighborsClassifier,70,onehot,onehot,Onehot -> [ TF-MultiHead-Encoded => GM => Decoded ] -> Onehot,GM,TF-MultiHead,encoded,decoded,False,centroid,Onehot -> [ [TF-SFT]-ENC => GM => DEC ] -> Onehot
Train,0.7071428571428571,0.000339508056640625,0,0,npl08,19.90691328048706,0.054718971252441406,Electricity,KNeighborsClassifier,70,onehot,onehot,Onehot -> [ TF-MultiHead-Encoded => GM => Decoded-Binary ] -> Onehot,GM,TF-MultiHead,encoded,decoded,True,centroid,Onehot -> [ [TF-SFT]-ENC => GM => DEC-BIN ] -> Onehot
Train - Original,0.6073846375832004,0.000339508056640625,0,0,npl08,19.90691328048706,0.7811038494110107,Electricity,KNeighborsClassifier,70,onehot,onehot,Onehot -> [ TF-MultiHead-Encoded => GM => Decoded-Binary ] -> Onehot,GM,TF-MultiHead,encoded,decoded,True,centroid,Onehot -> [ [TF-SFT]-ENC => GM => DEC-BIN ] -> Onehot
Val,0.6112251936849227,0.000339508056640625,0,0,npl08,19.90691328048706,0.2682645320892334,Electricity,KNeighborsClassifier,70,onehot,onehot,Onehot -> [ TF-MultiHead-Encoded => GM => Decoded-Binary ] -> Onehot,GM,TF-MultiHead,encoded,decoded,True,centroid,Onehot -> [ [TF-SFT]-ENC => GM => DEC-BIN ] -> Onehot
Test,0.6070586259936985,0.000339508056640625,0,0,npl08,19.90691328048706,0.3315713405609131,Electricity,KNeighborsClassifier,70,onehot,onehot,Onehot -> [ TF-MultiHead-Encoded => GM => Decoded-Binary ] -> Onehot,GM,TF-MultiHead,encoded,decoded,True,centroid,Onehot -> [ [TF-SFT]-ENC => GM => DEC-BIN ] -> Onehot
Train,0.7642857142857142,0.0005662441253662109,0,0,npl08,19.94393825531006,0.006127834320068359,Electricity,KNeighborsClassifier,70,onehot,onehot,Onehot -> [ TF-MultiHead-Encoded => GM => Encoded ] -> Onehot,GM,TF-MultiHead,encoded,encoded,False,centroid,Onehot -> [ [TF-SFT]-ENC => GM => ENC ] -> Onehot
Train - Original,0.6210672049465478,0.0005662441253662109,0,0,npl08,19.94393825531006,0.470200777053833,Electricity,KNeighborsClassifier,70,onehot,onehot,Onehot -> [ TF-MultiHead-Encoded => GM => Encoded ] -> Onehot,GM,TF-MultiHead,encoded,encoded,False,centroid,Onehot -> [ [TF-SFT]-ENC => GM => ENC ] -> Onehot
Val,0.6218948970802716,0.0005662441253662109,0,0,npl08,19.94393825531006,0.10521078109741211,Electricity,KNeighborsClassifier,70,onehot,onehot,Onehot -> [ TF-MultiHead-Encoded => GM => Encoded ] -> Onehot,GM,TF-MultiHead,encoded,encoded,False,centroid,Onehot -> [ [TF-SFT]-ENC => GM => ENC ] -> Onehot
Test,0.6151607904222178,0.0005662441253662109,0,0,npl08,19.94393825531006,0.10410070419311523,Electricity,KNeighborsClassifier,70,onehot,onehot,Onehot -> [ TF-MultiHead-Encoded => GM => Encoded ] -> Onehot,GM,TF-MultiHead,encoded,encoded,False,centroid,Onehot -> [ [TF-SFT]-ENC => GM => ENC ] -> Onehot
Train,0.7285714285714286,0.00040841102600097656,0,0,npl08,19.94973611831665,0.007550477981567383,Electricity,KNeighborsClassifier,70,onehot,onehot,Onehot -> [ TF-MultiHead-Encoded => GM => Decoded ] -> Onehot,GM,TF-MultiHead,encoded,decoded,False,centroid,Onehot -> [ [TF-SFT]-ENC => GM => DEC ] -> Onehot
Train - Original,0.507883268415492,0.00040841102600097656,0,0,npl08,19.94973611831665,0.7906630039215088,Electricity,KNeighborsClassifier,70,onehot,onehot,Onehot -> [ TF-MultiHead-Encoded => GM => Decoded ] -> Onehot,GM,TF-MultiHead,encoded,decoded,False,centroid,Onehot -> [ [TF-SFT]-ENC => GM => DEC ] -> Onehot
Val,0.5056204199006551,0.00040841102600097656,0,0,npl08,19.94973611831665,0.308197021484375,Electricity,KNeighborsClassifier,70,onehot,onehot,Onehot -> [ TF-MultiHead-Encoded => GM => Decoded ] -> Onehot,GM,TF-MultiHead,encoded,decoded,False,centroid,Onehot -> [ [TF-SFT]-ENC => GM => DEC ] -> Onehot
Test,0.5074536244519817,0.00040841102600097656,0,0,npl08,19.94973611831665,0.26186561584472656,Electricity,KNeighborsClassifier,70,onehot,onehot,Onehot -> [ TF-MultiHead-Encoded => GM => Decoded ] -> Onehot,GM,TF-MultiHead,encoded,decoded,False,centroid,Onehot -> [ [TF-SFT]-ENC => GM => DEC ] -> Onehot
Train,0.7714285714285714,0.00046896934509277344,0,0,npl08,19.97286891937256,0.05102348327636719,Electricity,KNeighborsClassifier,70,onehot,onehot,Onehot -> [ TF-MultiHead-Encoded => GM => Decoded-Binary ] -> Onehot,GM,TF-MultiHead,encoded,decoded,True,centroid,Onehot -> [ [TF-SFT]-ENC => GM => DEC-BIN ] -> Onehot
Train - Original,0.6177893535912021,0.00046896934509277344,0,0,npl08,19.97286891937256,0.8129565715789795,Electricity,KNeighborsClassifier,70,onehot,onehot,Onehot -> [ TF-MultiHead-Encoded => GM => Decoded-Binary ] -> Onehot,GM,TF-MultiHead,encoded,decoded,True,centroid,Onehot -> [ [TF-SFT]-ENC => GM => DEC-BIN ] -> Onehot
Val,0.6187444992737756,0.00046896934509277344,0,0,npl08,19.97286891937256,0.3122527599334717,Electricity,KNeighborsClassifier,70,onehot,onehot,Onehot -> [ TF-MultiHead-Encoded => GM => Decoded-Binary ] -> Onehot,GM,TF-MultiHead,encoded,decoded,True,centroid,Onehot -> [ [TF-SFT]-ENC => GM => DEC-BIN ] -> Onehot
Test,0.6167407399531459,0.00046896934509277344,0,0,npl08,19.97286891937256,0.254894495010376,Electricity,KNeighborsClassifier,70,onehot,onehot,Onehot -> [ TF-MultiHead-Encoded => GM => Decoded-Binary ] -> Onehot,GM,TF-MultiHead,encoded,decoded,True,centroid,Onehot -> [ [TF-SFT]-ENC => GM => DEC-BIN ] -> Onehot
Train,0.8071428571428572,0.00038814544677734375,0,0,npl08,19.936750411987305,0.006472587585449219,Electricity,KNeighborsClassifier,70,onehot,onehot,Onehot -> [ TF-MultiHead-Encoded => GM => Encoded ] -> Onehot,GM,TF-MultiHead,encoded,encoded,False,centroid,Onehot -> [ [TF-SFT]-ENC => GM => ENC ] -> Onehot
Train - Original,0.6377113345161078,0.00038814544677734375,0,0,npl08,19.936750411987305,0.47498154640197754,Electricity,KNeighborsClassifier,70,onehot,onehot,Onehot -> [ TF-MultiHead-Encoded => GM => Encoded ] -> Onehot,GM,TF-MultiHead,encoded,encoded,False,centroid,Onehot -> [ [TF-SFT]-ENC => GM => ENC ] -> Onehot
Val,0.6392099473152912,0.00038814544677734375,0,0,npl08,19.936750411987305,0.10603451728820801,Electricity,KNeighborsClassifier,70,onehot,onehot,Onehot -> [ TF-MultiHead-Encoded => GM => Encoded ] -> Onehot,GM,TF-MultiHead,encoded,encoded,False,centroid,Onehot -> [ [TF-SFT]-ENC => GM => ENC ] -> Onehot
Test,0.6417953202694993,0.00038814544677734375,0,0,npl08,19.936750411987305,0.1098031997680664,Electricity,KNeighborsClassifier,70,onehot,onehot,Onehot -> [ TF-MultiHead-Encoded => GM => Encoded ] -> Onehot,GM,TF-MultiHead,encoded,encoded,False,centroid,Onehot -> [ [TF-SFT]-ENC => GM => ENC ] -> Onehot
Train,0.7285714285714285,0.0010237693786621094,0,0,npl08,20.486663579940796,0.01032114028930664,Electricity,KNeighborsClassifier,70,onehot,onehot,Onehot -> [ TF-MultiHead-Encoded => GM => Decoded ] -> Onehot,GM,TF-MultiHead,encoded,decoded,False,centroid,Onehot -> [ [TF-SFT]-ENC => GM => DEC ] -> Onehot
Train - Original,0.49119647899195246,0.0010237693786621094,0,0,npl08,20.486663579940796,0.838747501373291,Electricity,KNeighborsClassifier,70,onehot,onehot,Onehot -> [ TF-MultiHead-Encoded => GM => Decoded ] -> Onehot,GM,TF-MultiHead,encoded,decoded,False,centroid,Onehot -> [ [TF-SFT]-ENC => GM => DEC ] -> Onehot
Val,0.4925849723216125,0.0010237693786621094,0,0,npl08,20.486663579940796,0.2948427200317383,Electricity,KNeighborsClassifier,70,onehot,onehot,Onehot -> [ TF-MultiHead-Encoded => GM => Decoded ] -> Onehot,GM,TF-MultiHead,encoded,decoded,False,centroid,Onehot -> [ [TF-SFT]-ENC => GM => DEC ] -> Onehot
Test,0.490065452077419,0.0010237693786621094,0,0,npl08,20.486663579940796,0.2928123474121094,Electricity,KNeighborsClassifier,70,onehot,onehot,Onehot -> [ TF-MultiHead-Encoded => GM => Decoded ] -> Onehot,GM,TF-MultiHead,encoded,decoded,False,centroid,Onehot -> [ [TF-SFT]-ENC => GM => DEC ] -> Onehot
Train,0.7571428571428571,0.0005884170532226562,0,0,npl08,20.476781368255615,0.08890032768249512,Electricity,KNeighborsClassifier,70,onehot,onehot,Onehot -> [ TF-MultiHead-Encoded => GM => Decoded-Binary ] -> Onehot,GM,TF-MultiHead,encoded,decoded,True,centroid,Onehot -> [ [TF-SFT]-ENC => GM => DEC-BIN ] -> Onehot
Train - Original,0.6100650556873637,0.0005884170532226562,0,0,npl08,20.476781368255615,0.8236751556396484,Electricity,KNeighborsClassifier,70,onehot,onehot,Onehot -> [ TF-MultiHead-Encoded => GM => Decoded-Binary ] -> Onehot,GM,TF-MultiHead,encoded,decoded,True,centroid,Onehot -> [ [TF-SFT]-ENC => GM => DEC-BIN ] -> Onehot
Val,0.6089320542145906,0.0005884170532226562,0,0,npl08,20.476781368255615,0.24092626571655273,Electricity,KNeighborsClassifier,70,onehot,onehot,Onehot -> [ TF-MultiHead-Encoded => GM => Decoded-Binary ] -> Onehot,GM,TF-MultiHead,encoded,decoded,True,centroid,Onehot -> [ [TF-SFT]-ENC => GM => DEC-BIN ] -> Onehot
Test,0.6129376171793318,0.0005884170532226562,0,0,npl08,20.476781368255615,0.2836334705352783,Electricity,KNeighborsClassifier,70,onehot,onehot,Onehot -> [ TF-MultiHead-Encoded => GM => Decoded-Binary ] -> Onehot,GM,TF-MultiHead,encoded,decoded,True,centroid,Onehot -> [ [TF-SFT]-ENC => GM => DEC-BIN ] -> Onehot
Train,0.7357142857142858,0.0012454986572265625,0,0,npl08,20.35595178604126,0.006442070007324219,Electricity,KNeighborsClassifier,70,onehot,onehot,Onehot -> [ TF-MultiHead-Encoded => GM => Encoded ] -> Onehot,GM,TF-MultiHead,encoded,encoded,False,centroid,Onehot -> [ [TF-SFT]-ENC => GM => ENC ] -> Onehot
Train - Original,0.6302142995081907,0.0012454986572265625,0,0,npl08,20.35595178604126,0.4760773181915283,Electricity,KNeighborsClassifier,70,onehot,onehot,Onehot -> [ TF-MultiHead-Encoded => GM => Encoded ] -> Onehot,GM,TF-MultiHead,encoded,encoded,False,centroid,Onehot -> [ [TF-SFT]-ENC => GM => ENC ] -> Onehot
Val,0.6222594267851236,0.0012454986572265625,0,0,npl08,20.35595178604126,0.1073153018951416,Electricity,KNeighborsClassifier,70,onehot,onehot,Onehot -> [ TF-MultiHead-Encoded => GM => Encoded ] -> Onehot,GM,TF-MultiHead,encoded,encoded,False,centroid,Onehot -> [ [TF-SFT]-ENC => GM => ENC ] -> Onehot
Test,0.6148207710001311,0.0012454986572265625,0,0,npl08,20.35595178604126,0.10486865043640137,Electricity,KNeighborsClassifier,70,onehot,onehot,Onehot -> [ TF-MultiHead-Encoded => GM => Encoded ] -> Onehot,GM,TF-MultiHead,encoded,encoded,False,centroid,Onehot -> [ [TF-SFT]-ENC => GM => ENC ] -> Onehot
Train,0.7,0.0008313655853271484,0,0,silkworm,33.572420597076416,0.052605390548706055,Electricity,KNeighborsClassifier,80,onehot,onehot,Onehot -> [ GM => Original ] -> Onehot,GM,N/A,original,original,False,centroid,Onehot -> [ GM => ORI ] -> Onehot
Train - Original,0.603542817668993,0.0008313655853271484,0,0,silkworm,33.572420597076416,0.5310320854187012,Electricity,KNeighborsClassifier,80,onehot,onehot,Onehot -> [ GM => Original ] -> Onehot,GM,N/A,original,original,False,centroid,Onehot -> [ GM => ORI ] -> Onehot
Val,0.6048468319626592,0.0008313655853271484,0,0,silkworm,33.572420597076416,0.2438516616821289,Electricity,KNeighborsClassifier,80,onehot,onehot,Onehot -> [ GM => Original ] -> Onehot,GM,N/A,original,original,False,centroid,Onehot -> [ GM => ORI ] -> Onehot
Test,0.6116136457879235,0.0008313655853271484,0,0,silkworm,33.572420597076416,0.208756685256958,Electricity,KNeighborsClassifier,80,onehot,onehot,Onehot -> [ GM => Original ] -> Onehot,GM,N/A,original,original,False,centroid,Onehot -> [ GM => ORI ] -> Onehot
Train,0.65625,0.000537872314453125,0,0,silkworm,33.66180419921875,0.04129528999328613,Electricity,KNeighborsClassifier,80,onehot,onehot,Onehot -> [ GM => Original ] -> Onehot,GM,N/A,original,original,False,centroid,Onehot -> [ GM => ORI ] -> Onehot
Train - Original,0.5797161683068068,0.000537872314453125,0,0,silkworm,33.66180419921875,0.6792294979095459,Electricity,KNeighborsClassifier,80,onehot,onehot,Onehot -> [ GM => Original ] -> Onehot,GM,N/A,original,original,False,centroid,Onehot -> [ GM => ORI ] -> Onehot
Val,0.5833460912085304,0.000537872314453125,0,0,silkworm,33.66180419921875,0.34527158737182617,Electricity,KNeighborsClassifier,80,onehot,onehot,Onehot -> [ GM => Original ] -> Onehot,GM,N/A,original,original,False,centroid,Onehot -> [ GM => ORI ] -> Onehot
Test,0.5857105453424206,0.000537872314453125,0,0,silkworm,33.66180419921875,0.20564508438110352,Electricity,KNeighborsClassifier,80,onehot,onehot,Onehot -> [ GM => Original ] -> Onehot,GM,N/A,original,original,False,centroid,Onehot -> [ GM => ORI ] -> Onehot
Train,0.71875,0.0005424022674560547,0,0,silkworm,33.34767746925354,0.04747796058654785,Electricity,KNeighborsClassifier,80,onehot,onehot,Onehot -> [ GM => Original ] -> Onehot,GM,N/A,original,original,False,centroid,Onehot -> [ GM => ORI ] -> Onehot
Train - Original,0.6114370348367082,0.0005424022674560547,0,0,silkworm,33.34767746925354,0.5816071033477783,Electricity,KNeighborsClassifier,80,onehot,onehot,Onehot -> [ GM => Original ] -> Onehot,GM,N/A,original,original,False,centroid,Onehot -> [ GM => ORI ] -> Onehot
Val,0.6141810781928398,0.0005424022674560547,0,0,silkworm,33.34767746925354,0.17316603660583496,Electricity,KNeighborsClassifier,80,onehot,onehot,Onehot -> [ GM => Original ] -> Onehot,GM,N/A,original,original,False,centroid,Onehot -> [ GM => ORI ] -> Onehot
Test,0.6169282711862004,0.0005424022674560547,0,0,silkworm,33.34767746925354,0.19649171829223633,Electricity,KNeighborsClassifier,80,onehot,onehot,Onehot -> [ GM => Original ] -> Onehot,GM,N/A,original,original,False,centroid,Onehot -> [ GM => ORI ] -> Onehot
Train,0.7125,0.0005421638488769531,0,0,silkworm,33.712059020996094,0.04713940620422363,Electricity,KNeighborsClassifier,80,onehot,onehot,Onehot -> [ GM => Original ] -> Onehot,GM,N/A,original,original,False,centroid,Onehot -> [ GM => ORI ] -> Onehot
Train - Original,0.6084234548686331,0.0005421638488769531,0,0,silkworm,33.712059020996094,0.6021714210510254,Electricity,KNeighborsClassifier,80,onehot,onehot,Onehot -> [ GM => Original ] -> Onehot,GM,N/A,original,original,False,centroid,Onehot -> [ GM => ORI ] -> Onehot
Val,0.6173797610131029,0.0005421638488769531,0,0,silkworm,33.712059020996094,0.3389461040496826,Electricity,KNeighborsClassifier,80,onehot,onehot,Onehot -> [ GM => Original ] -> Onehot,GM,N/A,original,original,False,centroid,Onehot -> [ GM => ORI ] -> Onehot
Test,0.6060969137312026,0.0005421638488769531,0,0,silkworm,33.712059020996094,0.36072778701782227,Electricity,KNeighborsClassifier,80,onehot,onehot,Onehot -> [ GM => Original ] -> Onehot,GM,N/A,original,original,False,centroid,Onehot -> [ GM => ORI ] -> Onehot
Train,0.6875,0.0004761219024658203,0,0,silkworm,33.66910243034363,0.0445103645324707,Electricity,KNeighborsClassifier,80,onehot,onehot,Onehot -> [ GM => Original ] -> Onehot,GM,N/A,original,original,False,centroid,Onehot -> [ GM => ORI ] -> Onehot
Train - Original,0.6151927375864585,0.0004761219024658203,0,0,silkworm,33.66910243034363,0.6319746971130371,Electricity,KNeighborsClassifier,80,onehot,onehot,Onehot -> [ GM => Original ] -> Onehot,GM,N/A,original,original,False,centroid,Onehot -> [ GM => ORI ] -> Onehot
Val,0.6199231408896456,0.0004761219024658203,0,0,silkworm,33.66910243034363,0.19846677780151367,Electricity,KNeighborsClassifier,80,onehot,onehot,Onehot -> [ GM => Original ] -> Onehot,GM,N/A,original,original,False,centroid,Onehot -> [ GM => ORI ] -> Onehot
Test,0.6151125010189507,0.0004761219024658203,0,0,silkworm,33.66910243034363,0.2080981731414795,Electricity,KNeighborsClassifier,80,onehot,onehot,Onehot -> [ GM => Original ] -> Onehot,GM,N/A,original,original,False,centroid,Onehot -> [ GM => ORI ] -> Onehot
Train,0.71875,0.0003910064697265625,0,0,npl08,20.5017147064209,0.008177995681762695,Electricity,KNeighborsClassifier,80,onehot,onehot,Onehot -> [ TF-MultiHead-Encoded => GM => Decoded ] -> Onehot,GM,TF-MultiHead,encoded,decoded,False,centroid,Onehot -> [ [TF-SFT]-ENC => GM => DEC ] -> Onehot
Train - Original,0.5,0.0003910064697265625,0,0,npl08,20.5017147064209,0.8129012584686279,Electricity,KNeighborsClassifier,80,onehot,onehot,Onehot -> [ TF-MultiHead-Encoded => GM => Decoded ] -> Onehot,GM,TF-MultiHead,encoded,decoded,False,centroid,Onehot -> [ [TF-SFT]-ENC => GM => DEC ] -> Onehot
Val,0.5,0.0003910064697265625,0,0,npl08,20.5017147064209,0.3001272678375244,Electricity,KNeighborsClassifier,80,onehot,onehot,Onehot -> [ TF-MultiHead-Encoded => GM => Decoded ] -> Onehot,GM,TF-MultiHead,encoded,decoded,False,centroid,Onehot -> [ [TF-SFT]-ENC => GM => DEC ] -> Onehot
Test,0.5,0.0003910064697265625,0,0,npl08,20.5017147064209,0.2962808609008789,Electricity,KNeighborsClassifier,80,onehot,onehot,Onehot -> [ TF-MultiHead-Encoded => GM => Decoded ] -> Onehot,GM,TF-MultiHead,encoded,decoded,False,centroid,Onehot -> [ [TF-SFT]-ENC => GM => DEC ] -> Onehot
Train,0.76875,0.000400543212890625,0,0,npl08,20.30536413192749,0.04626750946044922,Electricity,KNeighborsClassifier,80,onehot,onehot,Onehot -> [ TF-MultiHead-Encoded => GM => Decoded-Binary ] -> Onehot,GM,TF-MultiHead,encoded,decoded,True,centroid,Onehot -> [ [TF-SFT]-ENC => GM => DEC-BIN ] -> Onehot
Train - Original,0.6040723816760902,0.000400543212890625,0,0,npl08,20.30536413192749,0.8511850833892822,Electricity,KNeighborsClassifier,80,onehot,onehot,Onehot -> [ TF-MultiHead-Encoded => GM => Decoded-Binary ] -> Onehot,GM,TF-MultiHead,encoded,decoded,True,centroid,Onehot -> [ [TF-SFT]-ENC => GM => DEC-BIN ] -> Onehot
Val,0.6045003316161588,0.000400543212890625,0,0,npl08,20.30536413192749,0.31209325790405273,Electricity,KNeighborsClassifier,80,onehot,onehot,Onehot -> [ TF-MultiHead-Encoded => GM => Decoded-Binary ] -> Onehot,GM,TF-MultiHead,encoded,decoded,True,centroid,Onehot -> [ [TF-SFT]-ENC => GM => DEC-BIN ] -> Onehot
Test,0.6107015962970446,0.000400543212890625,0,0,npl08,20.30536413192749,0.29421448707580566,Electricity,KNeighborsClassifier,80,onehot,onehot,Onehot -> [ TF-MultiHead-Encoded => GM => Decoded-Binary ] -> Onehot,GM,TF-MultiHead,encoded,decoded,True,centroid,Onehot -> [ [TF-SFT]-ENC => GM => DEC-BIN ] -> Onehot
Train,0.7562500000000001,0.0005877017974853516,0,0,npl08,20.53335952758789,0.007740974426269531,Electricity,KNeighborsClassifier,80,onehot,onehot,Onehot -> [ TF-MultiHead-Encoded => GM => Encoded ] -> Onehot,GM,TF-MultiHead,encoded,encoded,False,centroid,Onehot -> [ [TF-SFT]-ENC => GM => ENC ] -> Onehot
Train - Original,0.6310338325313363,0.0005877017974853516,0,0,npl08,20.53335952758789,0.47759008407592773,Electricity,KNeighborsClassifier,80,onehot,onehot,Onehot -> [ TF-MultiHead-Encoded => GM => Encoded ] -> Onehot,GM,TF-MultiHead,encoded,encoded,False,centroid,Onehot -> [ [TF-SFT]-ENC => GM => ENC ] -> Onehot
Val,0.6101341738646776,0.0005877017974853516,0,0,npl08,20.53335952758789,0.10578680038452148,Electricity,KNeighborsClassifier,80,onehot,onehot,Onehot -> [ TF-MultiHead-Encoded => GM => Encoded ] -> Onehot,GM,TF-MultiHead,encoded,encoded,False,centroid,Onehot -> [ [TF-SFT]-ENC => GM => ENC ] -> Onehot
Test,0.6178771358092949,0.0005877017974853516,0,0,npl08,20.53335952758789,0.11165523529052734,Electricity,KNeighborsClassifier,80,onehot,onehot,Onehot -> [ TF-MultiHead-Encoded => GM => Encoded ] -> Onehot,GM,TF-MultiHead,encoded,encoded,False,centroid,Onehot -> [ [TF-SFT]-ENC => GM => ENC ] -> Onehot
Train,0.70625,0.0006351470947265625,0,0,npl08,20.512230157852173,0.011932373046875,Electricity,KNeighborsClassifier,80,onehot,onehot,Onehot -> [ TF-MultiHead-Encoded => GM => Decoded ] -> Onehot,GM,TF-MultiHead,encoded,decoded,False,centroid,Onehot -> [ [TF-SFT]-ENC => GM => DEC ] -> Onehot
Train - Original,0.5,0.0006351470947265625,0,0,npl08,20.512230157852173,0.8558728694915771,Electricity,KNeighborsClassifier,80,onehot,onehot,Onehot -> [ TF-MultiHead-Encoded => GM => Decoded ] -> Onehot,GM,TF-MultiHead,encoded,decoded,False,centroid,Onehot -> [ [TF-SFT]-ENC => GM => DEC ] -> Onehot
Val,0.5,0.0006351470947265625,0,0,npl08,20.512230157852173,0.2696399688720703,Electricity,KNeighborsClassifier,80,onehot,onehot,Onehot -> [ TF-MultiHead-Encoded => GM => Decoded ] -> Onehot,GM,TF-MultiHead,encoded,decoded,False,centroid,Onehot -> [ [TF-SFT]-ENC => GM => DEC ] -> Onehot
Test,0.5,0.0006351470947265625,0,0,npl08,20.512230157852173,0.2655222415924072,Electricity,KNeighborsClassifier,80,onehot,onehot,Onehot -> [ TF-MultiHead-Encoded => GM => Decoded ] -> Onehot,GM,TF-MultiHead,encoded,decoded,False,centroid,Onehot -> [ [TF-SFT]-ENC => GM => DEC ] -> Onehot
Train,0.75,0.0005509853363037109,0,0,npl08,20.50573468208313,0.06348705291748047,Electricity,KNeighborsClassifier,80,onehot,onehot,Onehot -> [ TF-MultiHead-Encoded => GM => Decoded-Binary ] -> Onehot,GM,TF-MultiHead,encoded,decoded,True,centroid,Onehot -> [ [TF-SFT]-ENC => GM => DEC-BIN ] -> Onehot
Train - Original,0.5797161683068068,0.0005509853363037109,0,0,npl08,20.50573468208313,0.7787368297576904,Electricity,KNeighborsClassifier,80,onehot,onehot,Onehot -> [ TF-MultiHead-Encoded => GM => Decoded-Binary ] -> Onehot,GM,TF-MultiHead,encoded,decoded,True,centroid,Onehot -> [ [TF-SFT]-ENC => GM => DEC-BIN ] -> Onehot
Val,0.5833460912085304,0.0005509853363037109,0,0,npl08,20.50573468208313,0.41236138343811035,Electricity,KNeighborsClassifier,80,onehot,onehot,Onehot -> [ TF-MultiHead-Encoded => GM => Decoded-Binary ] -> Onehot,GM,TF-MultiHead,encoded,decoded,True,centroid,Onehot -> [ [TF-SFT]-ENC => GM => DEC-BIN ] -> Onehot
Test,0.5857105453424206,0.0005509853363037109,0,0,npl08,20.50573468208313,0.2902259826660156,Electricity,KNeighborsClassifier,80,onehot,onehot,Onehot -> [ TF-MultiHead-Encoded => GM => Decoded-Binary ] -> Onehot,GM,TF-MultiHead,encoded,decoded,True,centroid,Onehot -> [ [TF-SFT]-ENC => GM => DEC-BIN ] -> Onehot
Train,0.7375,0.0005991458892822266,0,0,npl08,20.452040195465088,0.007772684097290039,Electricity,KNeighborsClassifier,80,onehot,onehot,Onehot -> [ TF-MultiHead-Encoded => GM => Encoded ] -> Onehot,GM,TF-MultiHead,encoded,encoded,False,centroid,Onehot -> [ [TF-SFT]-ENC => GM => ENC ] -> Onehot
Train - Original,0.6122008883079499,0.0005991458892822266,0,0,npl08,20.452040195465088,0.4728069305419922,Electricity,KNeighborsClassifier,80,onehot,onehot,Onehot -> [ TF-MultiHead-Encoded => GM => Encoded ] -> Onehot,GM,TF-MultiHead,encoded,encoded,False,centroid,Onehot -> [ [TF-SFT]-ENC => GM => ENC ] -> Onehot
Val,0.618887183704366,0.0005991458892822266,0,0,npl08,20.452040195465088,0.10599923133850098,Electricity,KNeighborsClassifier,80,onehot,onehot,Onehot -> [ TF-MultiHead-Encoded => GM => Encoded ] -> Onehot,GM,TF-MultiHead,encoded,encoded,False,centroid,Onehot -> [ [TF-SFT]-ENC => GM => ENC ] -> Onehot
Test,0.6143171435355994,0.0005991458892822266,0,0,npl08,20.452040195465088,0.10520100593566895,Electricity,KNeighborsClassifier,80,onehot,onehot,Onehot -> [ TF-MultiHead-Encoded => GM => Encoded ] -> Onehot,GM,TF-MultiHead,encoded,encoded,False,centroid,Onehot -> [ [TF-SFT]-ENC => GM => ENC ] -> Onehot
Train,0.70625,0.0006160736083984375,0,0,npl08,20.347176790237427,0.010347843170166016,Electricity,KNeighborsClassifier,80,onehot,onehot,Onehot -> [ TF-MultiHead-Encoded => GM => Decoded ] -> Onehot,GM,TF-MultiHead,encoded,decoded,False,centroid,Onehot -> [ [TF-SFT]-ENC => GM => DEC ] -> Onehot
Train - Original,0.5,0.0006160736083984375,0,0,npl08,20.347176790237427,0.8196609020233154,Electricity,KNeighborsClassifier,80,onehot,onehot,Onehot -> [ TF-MultiHead-Encoded => GM => Decoded ] -> Onehot,GM,TF-MultiHead,encoded,decoded,False,centroid,Onehot -> [ [TF-SFT]-ENC => GM => DEC ] -> Onehot
Val,0.5,0.0006160736083984375,0,0,npl08,20.347176790237427,0.2757103443145752,Electricity,KNeighborsClassifier,80,onehot,onehot,Onehot -> [ TF-MultiHead-Encoded => GM => Decoded ] -> Onehot,GM,TF-MultiHead,encoded,decoded,False,centroid,Onehot -> [ [TF-SFT]-ENC => GM => DEC ] -> Onehot
Test,0.5,0.0006160736083984375,0,0,npl08,20.347176790237427,0.26639866828918457,Electricity,KNeighborsClassifier,80,onehot,onehot,Onehot -> [ TF-MultiHead-Encoded => GM => Decoded ] -> Onehot,GM,TF-MultiHead,encoded,decoded,False,centroid,Onehot -> [ [TF-SFT]-ENC => GM => DEC ] -> Onehot
Train,0.76875,0.0006198883056640625,0,0,npl08,20.129179000854492,0.06653475761413574,Electricity,KNeighborsClassifier,80,onehot,onehot,Onehot -> [ TF-MultiHead-Encoded => GM => Decoded-Binary ] -> Onehot,GM,TF-MultiHead,encoded,decoded,True,centroid,Onehot -> [ [TF-SFT]-ENC => GM => DEC-BIN ] -> Onehot
Train - Original,0.6121973404402656,0.0006198883056640625,0,0,npl08,20.129179000854492,0.8636293411254883,Electricity,KNeighborsClassifier,80,onehot,onehot,Onehot -> [ TF-MultiHead-Encoded => GM => Decoded-Binary ] -> Onehot,GM,TF-MultiHead,encoded,decoded,True,centroid,Onehot -> [ [TF-SFT]-ENC => GM => DEC-BIN ] -> Onehot
Val,0.6152885326370369,0.0006198883056640625,0,0,npl08,20.129179000854492,0.3665289878845215,Electricity,KNeighborsClassifier,80,onehot,onehot,Onehot -> [ TF-MultiHead-Encoded => GM => Decoded-Binary ] -> Onehot,GM,TF-MultiHead,encoded,decoded,True,centroid,Onehot -> [ [TF-SFT]-ENC => GM => DEC-BIN ] -> Onehot
Test,0.6170730950937966,0.0006198883056640625,0,0,npl08,20.129179000854492,0.3510892391204834,Electricity,KNeighborsClassifier,80,onehot,onehot,Onehot -> [ TF-MultiHead-Encoded => GM => Decoded-Binary ] -> Onehot,GM,TF-MultiHead,encoded,decoded,True,centroid,Onehot -> [ [TF-SFT]-ENC => GM => DEC-BIN ] -> Onehot
Train,0.7625,0.0006351470947265625,0,0,npl08,20.54543972015381,0.007646799087524414,Electricity,KNeighborsClassifier,80,onehot,onehot,Onehot -> [ TF-MultiHead-Encoded => GM => Encoded ] -> Onehot,GM,TF-MultiHead,encoded,encoded,False,centroid,Onehot -> [ [TF-SFT]-ENC => GM => ENC ] -> Onehot
Train - Original,0.6297156206657629,0.0006351470947265625,0,0,npl08,20.54543972015381,0.46960878372192383,Electricity,KNeighborsClassifier,80,onehot,onehot,Onehot -> [ TF-MultiHead-Encoded => GM => Encoded ] -> Onehot,GM,TF-MultiHead,encoded,encoded,False,centroid,Onehot -> [ [TF-SFT]-ENC => GM => ENC ] -> Onehot
Val,0.6268283408401025,0.0006351470947265625,0,0,npl08,20.54543972015381,0.10416197776794434,Electricity,KNeighborsClassifier,80,onehot,onehot,Onehot -> [ TF-MultiHead-Encoded => GM => Encoded ] -> Onehot,GM,TF-MultiHead,encoded,encoded,False,centroid,Onehot -> [ [TF-SFT]-ENC => GM => ENC ] -> Onehot
Test,0.62772352234426,0.0006351470947265625,0,0,npl08,20.54543972015381,0.10486292839050293,Electricity,KNeighborsClassifier,80,onehot,onehot,Onehot -> [ TF-MultiHead-Encoded => GM => Encoded ] -> Onehot,GM,TF-MultiHead,encoded,encoded,False,centroid,Onehot -> [ [TF-SFT]-ENC => GM => ENC ] -> Onehot
Train,0.71875,0.0006554126739501953,0,0,npl08,20.16697645187378,0.009232282638549805,Electricity,KNeighborsClassifier,80,onehot,onehot,Onehot -> [ TF-MultiHead-Encoded => GM => Decoded ] -> Onehot,GM,TF-MultiHead,encoded,decoded,False,centroid,Onehot -> [ [TF-SFT]-ENC => GM => DEC ] -> Onehot
Train - Original,0.507883268415492,0.0006554126739501953,0,0,npl08,20.16697645187378,0.8147099018096924,Electricity,KNeighborsClassifier,80,onehot,onehot,Onehot -> [ TF-MultiHead-Encoded => GM => Decoded ] -> Onehot,GM,TF-MultiHead,encoded,decoded,False,centroid,Onehot -> [ [TF-SFT]-ENC => GM => DEC ] -> Onehot
Val,0.5056204199006551,0.0006554126739501953,0,0,npl08,20.16697645187378,0.2716507911682129,Electricity,KNeighborsClassifier,80,onehot,onehot,Onehot -> [ TF-MultiHead-Encoded => GM => Decoded ] -> Onehot,GM,TF-MultiHead,encoded,decoded,False,centroid,Onehot -> [ [TF-SFT]-ENC => GM => DEC ] -> Onehot
Test,0.5074536244519817,0.0006554126739501953,0,0,npl08,20.16697645187378,0.29439806938171387,Electricity,KNeighborsClassifier,80,onehot,onehot,Onehot -> [ TF-MultiHead-Encoded => GM => Decoded ] -> Onehot,GM,TF-MultiHead,encoded,decoded,False,centroid,Onehot -> [ [TF-SFT]-ENC => GM => DEC ] -> Onehot
Train,0.83125,0.0006473064422607422,0,0,npl08,20.353598833084106,0.058310747146606445,Electricity,KNeighborsClassifier,80,onehot,onehot,Onehot -> [ TF-MultiHead-Encoded => GM => Decoded-Binary ] -> Onehot,GM,TF-MultiHead,encoded,decoded,True,centroid,Onehot -> [ [TF-SFT]-ENC => GM => DEC-BIN ] -> Onehot
Train - Original,0.6084234548686331,0.0006473064422607422,0,0,npl08,20.353598833084106,0.864957332611084,Electricity,KNeighborsClassifier,80,onehot,onehot,Onehot -> [ TF-MultiHead-Encoded => GM => Decoded-Binary ] -> Onehot,GM,TF-MultiHead,encoded,decoded,True,centroid,Onehot -> [ [TF-SFT]-ENC => GM => DEC-BIN ] -> Onehot
Val,0.6173797610131029,0.0006473064422607422,0,0,npl08,20.353598833084106,0.2793130874633789,Electricity,KNeighborsClassifier,80,onehot,onehot,Onehot -> [ TF-MultiHead-Encoded => GM => Decoded-Binary ] -> Onehot,GM,TF-MultiHead,encoded,decoded,True,centroid,Onehot -> [ [TF-SFT]-ENC => GM => DEC-BIN ] -> Onehot
Test,0.6060969137312026,0.0006473064422607422,0,0,npl08,20.353598833084106,0.2817540168762207,Electricity,KNeighborsClassifier,80,onehot,onehot,Onehot -> [ TF-MultiHead-Encoded => GM => Decoded-Binary ] -> Onehot,GM,TF-MultiHead,encoded,decoded,True,centroid,Onehot -> [ [TF-SFT]-ENC => GM => DEC-BIN ] -> Onehot
Train,0.8125,0.0005846023559570312,0,0,npl08,20.562275886535645,0.0067903995513916016,Electricity,KNeighborsClassifier,80,onehot,onehot,Onehot -> [ TF-MultiHead-Encoded => GM => Encoded ] -> Onehot,GM,TF-MultiHead,encoded,encoded,False,centroid,Onehot -> [ [TF-SFT]-ENC => GM => ENC ] -> Onehot
Train - Original,0.6366039481778265,0.0005846023559570312,0,0,npl08,20.562275886535645,0.4754209518432617,Electricity,KNeighborsClassifier,80,onehot,onehot,Onehot -> [ TF-MultiHead-Encoded => GM => Encoded ] -> Onehot,GM,TF-MultiHead,encoded,encoded,False,centroid,Onehot -> [ [TF-SFT]-ENC => GM => ENC ] -> Onehot
Val,0.6432075920697757,0.0005846023559570312,0,0,npl08,20.562275886535645,0.10636281967163086,Electricity,KNeighborsClassifier,80,onehot,onehot,Onehot -> [ TF-MultiHead-Encoded => GM => Encoded ] -> Onehot,GM,TF-MultiHead,encoded,encoded,False,centroid,Onehot -> [ [TF-SFT]-ENC => GM => ENC ] -> Onehot
Test,0.6445547273996732,0.0005846023559570312,0,0,npl08,20.562275886535645,0.10450410842895508,Electricity,KNeighborsClassifier,80,onehot,onehot,Onehot -> [ TF-MultiHead-Encoded => GM => Encoded ] -> Onehot,GM,TF-MultiHead,encoded,encoded,False,centroid,Onehot -> [ [TF-SFT]-ENC => GM => ENC ] -> Onehot
Train,0.7124999999999999,0.0004870891571044922,0,0,npl08,20.491950273513794,0.008638620376586914,Electricity,KNeighborsClassifier,80,onehot,onehot,Onehot -> [ TF-MultiHead-Encoded => GM => Decoded ] -> Onehot,GM,TF-MultiHead,encoded,decoded,False,centroid,Onehot -> [ [TF-SFT]-ENC => GM => DEC ] -> Onehot
Train - Original,0.5002420809396212,0.0004870891571044922,0,0,npl08,20.491950273513794,0.7446563243865967,Electricity,KNeighborsClassifier,80,onehot,onehot,Onehot -> [ TF-MultiHead-Encoded => GM => Decoded ] -> Onehot,GM,TF-MultiHead,encoded,decoded,False,centroid,Onehot -> [ [TF-SFT]-ENC => GM => DEC ] -> Onehot
Val,0.49994267815796833,0.0004870891571044922,0,0,npl08,20.491950273513794,0.4105954170227051,Electricity,KNeighborsClassifier,80,onehot,onehot,Onehot -> [ TF-MultiHead-Encoded => GM => Decoded ] -> Onehot,GM,TF-MultiHead,encoded,decoded,False,centroid,Onehot -> [ [TF-SFT]-ENC => GM => DEC ] -> Onehot
Test,0.499176865034219,0.0004870891571044922,0,0,npl08,20.491950273513794,0.3720686435699463,Electricity,KNeighborsClassifier,80,onehot,onehot,Onehot -> [ TF-MultiHead-Encoded => GM => Decoded ] -> Onehot,GM,TF-MultiHead,encoded,decoded,False,centroid,Onehot -> [ [TF-SFT]-ENC => GM => DEC ] -> Onehot
Train,0.7749999999999999,0.0005960464477539062,0,0,npl08,20.478338479995728,0.05318880081176758,Electricity,KNeighborsClassifier,80,onehot,onehot,Onehot -> [ TF-MultiHead-Encoded => GM => Decoded-Binary ] -> Onehot,GM,TF-MultiHead,encoded,decoded,True,centroid,Onehot -> [ [TF-SFT]-ENC => GM => DEC-BIN ] -> Onehot
Train - Original,0.6147627010326802,0.0005960464477539062,0,0,npl08,20.478338479995728,0.8573627471923828,Electricity,KNeighborsClassifier,80,onehot,onehot,Onehot -> [ TF-MultiHead-Encoded => GM => Decoded-Binary ] -> Onehot,GM,TF-MultiHead,encoded,decoded,True,centroid,Onehot -> [ [TF-SFT]-ENC => GM => DEC-BIN ] -> Onehot
Val,0.618602833701274,0.0005960464477539062,0,0,npl08,20.478338479995728,0.3095095157623291,Electricity,KNeighborsClassifier,80,onehot,onehot,Onehot -> [ TF-MultiHead-Encoded => GM => Decoded-Binary ] -> Onehot,GM,TF-MultiHead,encoded,decoded,True,centroid,Onehot -> [ [TF-SFT]-ENC => GM => DEC-BIN ] -> Onehot
Test,0.6152792102157341,0.0005960464477539062,0,0,npl08,20.478338479995728,0.332592248916626,Electricity,KNeighborsClassifier,80,onehot,onehot,Onehot -> [ TF-MultiHead-Encoded => GM => Decoded-Binary ] -> Onehot,GM,TF-MultiHead,encoded,decoded,True,centroid,Onehot -> [ [TF-SFT]-ENC => GM => DEC-BIN ] -> Onehot
Train,0.7437499999999999,0.0007474422454833984,0,0,npl08,20.495777368545532,0.008523225784301758,Electricity,KNeighborsClassifier,80,onehot,onehot,Onehot -> [ TF-MultiHead-Encoded => GM => Encoded ] -> Onehot,GM,TF-MultiHead,encoded,encoded,False,centroid,Onehot -> [ [TF-SFT]-ENC => GM => ENC ] -> Onehot
Train - Original,0.6361034384403782,0.0007474422454833984,0,0,npl08,20.495777368545532,0.4795715808868408,Electricity,KNeighborsClassifier,80,onehot,onehot,Onehot -> [ TF-MultiHead-Encoded => GM => Encoded ] -> Onehot,GM,TF-MultiHead,encoded,encoded,False,centroid,Onehot -> [ [TF-SFT]-ENC => GM => ENC ] -> Onehot
Val,0.6274244171201471,0.0007474422454833984,0,0,npl08,20.495777368545532,0.10664558410644531,Electricity,KNeighborsClassifier,80,onehot,onehot,Onehot -> [ TF-MultiHead-Encoded => GM => Encoded ] -> Onehot,GM,TF-MultiHead,encoded,encoded,False,centroid,Onehot -> [ [TF-SFT]-ENC => GM => ENC ] -> Onehot
Test,0.627326884704398,0.0007474422454833984,0,0,npl08,20.495777368545532,0.10700583457946777,Electricity,KNeighborsClassifier,80,onehot,onehot,Onehot -> [ TF-MultiHead-Encoded => GM => Encoded ] -> Onehot,GM,TF-MultiHead,encoded,encoded,False,centroid,Onehot -> [ [TF-SFT]-ENC => GM => ENC ] -> Onehot
Train,0.7444444444444445,0.0006239414215087891,0,0,silkworm,33.75022840499878,0.04519009590148926,Electricity,KNeighborsClassifier,90,onehot,onehot,Onehot -> [ GM => Original ] -> Onehot,GM,N/A,original,original,False,centroid,Onehot -> [ GM => ORI ] -> Onehot
Train - Original,0.6033742614047427,0.0006239414215087891,0,0,silkworm,33.75022840499878,0.6530055999755859,Electricity,KNeighborsClassifier,90,onehot,onehot,Onehot -> [ GM => Original ] -> Onehot,GM,N/A,original,original,False,centroid,Onehot -> [ GM => ORI ] -> Onehot
Val,0.6046774357308747,0.0006239414215087891,0,0,silkworm,33.75022840499878,0.36842989921569824,Electricity,KNeighborsClassifier,90,onehot,onehot,Onehot -> [ GM => Original ] -> Onehot,GM,N/A,original,original,False,centroid,Onehot -> [ GM => ORI ] -> Onehot
Test,0.606848146218541,0.0006239414215087891,0,0,silkworm,33.75022840499878,0.16863298416137695,Electricity,KNeighborsClassifier,90,onehot,onehot,Onehot -> [ GM => Original ] -> Onehot,GM,N/A,original,original,False,centroid,Onehot -> [ GM => ORI ] -> Onehot
Train,0.6944444444444444,0.0005221366882324219,0,0,silkworm,33.880534648895264,0.047766923904418945,Electricity,KNeighborsClassifier,90,onehot,onehot,Onehot -> [ GM => Original ] -> Onehot,GM,N/A,original,original,False,centroid,Onehot -> [ GM => ORI ] -> Onehot
Train - Original,0.5918969135146059,0.0005221366882324219,0,0,silkworm,33.880534648895264,0.6680188179016113,Electricity,KNeighborsClassifier,90,onehot,onehot,Onehot -> [ GM => Original ] -> Onehot,GM,N/A,original,original,False,centroid,Onehot -> [ GM => ORI ] -> Onehot
Val,0.5949583712304245,0.0005221366882324219,0,0,silkworm,33.880534648895264,0.40558362007141113,Electricity,KNeighborsClassifier,90,onehot,onehot,Onehot -> [ GM => Original ] -> Onehot,GM,N/A,original,original,False,centroid,Onehot -> [ GM => ORI ] -> Onehot
Test,0.5873738273206381,0.0005221366882324219,0,0,silkworm,33.880534648895264,0.17812585830688477,Electricity,KNeighborsClassifier,90,onehot,onehot,Onehot -> [ GM => Original ] -> Onehot,GM,N/A,original,original,False,centroid,Onehot -> [ GM => ORI ] -> Onehot
Train,0.7277777777777779,0.0005574226379394531,0,0,silkworm,33.784849405288696,0.043607473373413086,Electricity,KNeighborsClassifier,90,onehot,onehot,Onehot -> [ GM => Original ] -> Onehot,GM,N/A,original,original,False,centroid,Onehot -> [ GM => ORI ] -> Onehot
Train - Original,0.6095636874635835,0.0005574226379394531,0,0,silkworm,33.784849405288696,0.5655267238616943,Electricity,KNeighborsClassifier,90,onehot,onehot,Onehot -> [ GM => Original ] -> Onehot,GM,N/A,original,original,False,centroid,Onehot -> [ GM => ORI ] -> Onehot
Val,0.6199579149591934,0.0005574226379394531,0,0,silkworm,33.784849405288696,0.16924238204956055,Electricity,KNeighborsClassifier,90,onehot,onehot,Onehot -> [ GM => Original ] -> Onehot,GM,N/A,original,original,False,centroid,Onehot -> [ GM => ORI ] -> Onehot
Test,0.6132279738298015,0.0005574226379394531,0,0,silkworm,33.784849405288696,0.21437478065490723,Electricity,KNeighborsClassifier,90,onehot,onehot,Onehot -> [ GM => Original ] -> Onehot,GM,N/A,original,original,False,centroid,Onehot -> [ GM => ORI ] -> Onehot
Train,0.7166666666666667,0.0005326271057128906,0,0,silkworm,33.71888208389282,0.04202914237976074,Electricity,KNeighborsClassifier,90,onehot,onehot,Onehot -> [ GM => Original ] -> Onehot,GM,N/A,original,original,False,centroid,Onehot -> [ GM => ORI ] -> Onehot
Train - Original,0.6174283824662556,0.0005326271057128906,0,0,silkworm,33.71888208389282,0.5941224098205566,Electricity,KNeighborsClassifier,90,onehot,onehot,Onehot -> [ GM => Original ] -> Onehot,GM,N/A,original,original,False,centroid,Onehot -> [ GM => ORI ] -> Onehot
Val,0.6144464242776695,0.0005326271057128906,0,0,silkworm,33.71888208389282,0.1684873104095459,Electricity,KNeighborsClassifier,90,onehot,onehot,Onehot -> [ GM => Original ] -> Onehot,GM,N/A,original,original,False,centroid,Onehot -> [ GM => ORI ] -> Onehot
Test,0.6145411797854357,0.0005326271057128906,0,0,silkworm,33.71888208389282,0.19770240783691406,Electricity,KNeighborsClassifier,90,onehot,onehot,Onehot -> [ GM => Original ] -> Onehot,GM,N/A,original,original,False,centroid,Onehot -> [ GM => ORI ] -> Onehot
Train,0.7055555555555555,0.0005335807800292969,0,0,silkworm,33.66560220718384,0.04841136932373047,Electricity,KNeighborsClassifier,90,onehot,onehot,Onehot -> [ GM => Original ] -> Onehot,GM,N/A,original,original,False,centroid,Onehot -> [ GM => ORI ] -> Onehot
Train - Original,0.6114830350569362,0.0005335807800292969,0,0,silkworm,33.66560220718384,0.644219160079956,Electricity,KNeighborsClassifier,90,onehot,onehot,Onehot -> [ GM => Original ] -> Onehot,GM,N/A,original,original,False,centroid,Onehot -> [ GM => ORI ] -> Onehot
Val,0.6134291609234079,0.0005335807800292969,0,0,silkworm,33.66560220718384,0.1638011932373047,Electricity,KNeighborsClassifier,90,onehot,onehot,Onehot -> [ GM => Original ] -> Onehot,GM,N/A,original,original,False,centroid,Onehot -> [ GM => ORI ] -> Onehot
Test,0.6086326390291792,0.0005335807800292969,0,0,silkworm,33.66560220718384,0.2565741539001465,Electricity,KNeighborsClassifier,90,onehot,onehot,Onehot -> [ GM => Original ] -> Onehot,GM,N/A,original,original,False,centroid,Onehot -> [ GM => ORI ] -> Onehot
Train,0.7333333333333334,0.00042247772216796875,0,0,npl08,19.985457181930542,0.009297847747802734,Electricity,KNeighborsClassifier,90,onehot,onehot,Onehot -> [ TF-MultiHead-Encoded => GM => Decoded ] -> Onehot,GM,TF-MultiHead,encoded,decoded,False,centroid,Onehot -> [ [TF-SFT]-ENC => GM => DEC ] -> Onehot
Train - Original,0.5,0.00042247772216796875,0,0,npl08,19.985457181930542,0.7452263832092285,Electricity,KNeighborsClassifier,90,onehot,onehot,Onehot -> [ TF-MultiHead-Encoded => GM => Decoded ] -> Onehot,GM,TF-MultiHead,encoded,decoded,False,centroid,Onehot -> [ [TF-SFT]-ENC => GM => DEC ] -> Onehot
Val,0.5,0.00042247772216796875,0,0,npl08,19.985457181930542,0.3820071220397949,Electricity,KNeighborsClassifier,90,onehot,onehot,Onehot -> [ TF-MultiHead-Encoded => GM => Decoded ] -> Onehot,GM,TF-MultiHead,encoded,decoded,False,centroid,Onehot -> [ [TF-SFT]-ENC => GM => DEC ] -> Onehot
Test,0.5,0.00042247772216796875,0,0,npl08,19.985457181930542,0.3132297992706299,Electricity,KNeighborsClassifier,90,onehot,onehot,Onehot -> [ TF-MultiHead-Encoded => GM => Decoded ] -> Onehot,GM,TF-MultiHead,encoded,decoded,False,centroid,Onehot -> [ [TF-SFT]-ENC => GM => DEC ] -> Onehot
Train,0.7055555555555555,0.0007073879241943359,0,0,npl08,20.21732473373413,0.06698465347290039,Electricity,KNeighborsClassifier,90,onehot,onehot,Onehot -> [ TF-MultiHead-Encoded => GM => Decoded-Binary ] -> Onehot,GM,TF-MultiHead,encoded,decoded,True,centroid,Onehot -> [ [TF-SFT]-ENC => GM => DEC-BIN ] -> Onehot
Train - Original,0.60460930588117,0.0007073879241943359,0,0,npl08,20.21732473373413,0.8686134815216064,Electricity,KNeighborsClassifier,90,onehot,onehot,Onehot -> [ TF-MultiHead-Encoded => GM => Decoded-Binary ] -> Onehot,GM,TF-MultiHead,encoded,decoded,True,centroid,Onehot -> [ [TF-SFT]-ENC => GM => DEC-BIN ] -> Onehot
Val,0.6053250307916633,0.0007073879241943359,0,0,npl08,20.21732473373413,0.28967952728271484,Electricity,KNeighborsClassifier,90,onehot,onehot,Onehot -> [ TF-MultiHead-Encoded => GM => Decoded-Binary ] -> Onehot,GM,TF-MultiHead,encoded,decoded,True,centroid,Onehot -> [ [TF-SFT]-ENC => GM => DEC-BIN ] -> Onehot
Test,0.6088368721934554,0.0007073879241943359,0,0,npl08,20.21732473373413,0.3570401668548584,Electricity,KNeighborsClassifier,90,onehot,onehot,Onehot -> [ TF-MultiHead-Encoded => GM => Decoded-Binary ] -> Onehot,GM,TF-MultiHead,encoded,decoded,True,centroid,Onehot -> [ [TF-SFT]-ENC => GM => DEC-BIN ] -> Onehot
Train,0.7555555555555555,0.0009915828704833984,0,0,npl08,19.988749265670776,0.008022785186767578,Electricity,KNeighborsClassifier,90,onehot,onehot,Onehot -> [ TF-MultiHead-Encoded => GM => Encoded ] -> Onehot,GM,TF-MultiHead,encoded,encoded,False,centroid,Onehot -> [ [TF-SFT]-ENC => GM => ENC ] -> Onehot
Train - Original,0.6217224375192021,0.0009915828704833984,0,0,npl08,19.988749265670776,0.4742856025695801,Electricity,KNeighborsClassifier,90,onehot,onehot,Onehot -> [ TF-MultiHead-Encoded => GM => Encoded ] -> Onehot,GM,TF-MultiHead,encoded,encoded,False,centroid,Onehot -> [ [TF-SFT]-ENC => GM => ENC ] -> Onehot
Val,0.6146219336579859,0.0009915828704833984,0,0,npl08,19.988749265670776,0.10563063621520996,Electricity,KNeighborsClassifier,90,onehot,onehot,Onehot -> [ TF-MultiHead-Encoded => GM => Encoded ] -> Onehot,GM,TF-MultiHead,encoded,encoded,False,centroid,Onehot -> [ [TF-SFT]-ENC => GM => ENC ] -> Onehot
Test,0.6143286178066509,0.0009915828704833984,0,0,npl08,19.988749265670776,0.10880780220031738,Electricity,KNeighborsClassifier,90,onehot,onehot,Onehot -> [ TF-MultiHead-Encoded => GM => Encoded ] -> Onehot,GM,TF-MultiHead,encoded,encoded,False,centroid,Onehot -> [ [TF-SFT]-ENC => GM => ENC ] -> Onehot
Train,0.7,0.00038051605224609375,0,0,npl08,19.97602391242981,0.007036447525024414,Electricity,KNeighborsClassifier,90,onehot,onehot,Onehot -> [ TF-MultiHead-Encoded => GM => Decoded ] -> Onehot,GM,TF-MultiHead,encoded,decoded,False,centroid,Onehot -> [ [TF-SFT]-ENC => GM => DEC ] -> Onehot
Train - Original,0.5,0.00038051605224609375,0,0,npl08,19.97602391242981,0.7707393169403076,Electricity,KNeighborsClassifier,90,onehot,onehot,Onehot -> [ TF-MultiHead-Encoded => GM => Decoded ] -> Onehot,GM,TF-MultiHead,encoded,decoded,False,centroid,Onehot -> [ [TF-SFT]-ENC => GM => DEC ] -> Onehot
Val,0.5,0.00038051605224609375,0,0,npl08,19.97602391242981,0.23579955101013184,Electricity,KNeighborsClassifier,90,onehot,onehot,Onehot -> [ TF-MultiHead-Encoded => GM => Decoded ] -> Onehot,GM,TF-MultiHead,encoded,decoded,False,centroid,Onehot -> [ [TF-SFT]-ENC => GM => DEC ] -> Onehot
Test,0.5,0.00038051605224609375,0,0,npl08,19.97602391242981,0.2548868656158447,Electricity,KNeighborsClassifier,90,onehot,onehot,Onehot -> [ TF-MultiHead-Encoded => GM => Decoded ] -> Onehot,GM,TF-MultiHead,encoded,decoded,False,centroid,Onehot -> [ [TF-SFT]-ENC => GM => DEC ] -> Onehot
Train,0.7555555555555555,0.0005788803100585938,0,0,npl08,19.965487241744995,0.05349540710449219,Electricity,KNeighborsClassifier,90,onehot,onehot,Onehot -> [ TF-MultiHead-Encoded => GM => Decoded-Binary ] -> Onehot,GM,TF-MultiHead,encoded,decoded,True,centroid,Onehot -> [ [TF-SFT]-ENC => GM => DEC-BIN ] -> Onehot
Train - Original,0.5918969135146059,0.0005788803100585938,0,0,npl08,19.965487241744995,0.7850794792175293,Electricity,KNeighborsClassifier,90,onehot,onehot,Onehot -> [ TF-MultiHead-Encoded => GM => Decoded-Binary ] -> Onehot,GM,TF-MultiHead,encoded,decoded,True,centroid,Onehot -> [ [TF-SFT]-ENC => GM => DEC-BIN ] -> Onehot
Val,0.5949583712304245,0.0005788803100585938,0,0,npl08,19.965487241744995,0.3474769592285156,Electricity,KNeighborsClassifier,90,onehot,onehot,Onehot -> [ TF-MultiHead-Encoded => GM => Decoded-Binary ] -> Onehot,GM,TF-MultiHead,encoded,decoded,True,centroid,Onehot -> [ [TF-SFT]-ENC => GM => DEC-BIN ] -> Onehot
Test,0.5873738273206381,0.0005788803100585938,0,0,npl08,19.965487241744995,0.3308730125427246,Electricity,KNeighborsClassifier,90,onehot,onehot,Onehot -> [ TF-MultiHead-Encoded => GM => Decoded-Binary ] -> Onehot,GM,TF-MultiHead,encoded,decoded,True,centroid,Onehot -> [ [TF-SFT]-ENC => GM => DEC-BIN ] -> Onehot
Train,0.7444444444444445,0.00037384033203125,0,0,npl08,19.99018955230713,0.005707502365112305,Electricity,KNeighborsClassifier,90,onehot,onehot,Onehot -> [ TF-MultiHead-Encoded => GM => Encoded ] -> Onehot,GM,TF-MultiHead,encoded,encoded,False,centroid,Onehot -> [ [TF-SFT]-ENC => GM => ENC ] -> Onehot
Train - Original,0.623245131877985,0.00037384033203125,0,0,npl08,19.99018955230713,0.4748222827911377,Electricity,KNeighborsClassifier,90,onehot,onehot,Onehot -> [ TF-MultiHead-Encoded => GM => Encoded ] -> Onehot,GM,TF-MultiHead,encoded,encoded,False,centroid,Onehot -> [ [TF-SFT]-ENC => GM => ENC ] -> Onehot
Val,0.6252472059810337,0.00037384033203125,0,0,npl08,19.99018955230713,0.10384964942932129,Electricity,KNeighborsClassifier,90,onehot,onehot,Onehot -> [ TF-MultiHead-Encoded => GM => Encoded ] -> Onehot,GM,TF-MultiHead,encoded,encoded,False,centroid,Onehot -> [ [TF-SFT]-ENC => GM => ENC ] -> Onehot
Test,0.6169862627723257,0.00037384033203125,0,0,npl08,19.99018955230713,0.10403966903686523,Electricity,KNeighborsClassifier,90,onehot,onehot,Onehot -> [ TF-MultiHead-Encoded => GM => Encoded ] -> Onehot,GM,TF-MultiHead,encoded,encoded,False,centroid,Onehot -> [ [TF-SFT]-ENC => GM => ENC ] -> Onehot
Train,0.7166666666666667,0.00039649009704589844,0,0,npl08,20.00385355949402,0.008215904235839844,Electricity,KNeighborsClassifier,90,onehot,onehot,Onehot -> [ TF-MultiHead-Encoded => GM => Decoded ] -> Onehot,GM,TF-MultiHead,encoded,decoded,False,centroid,Onehot -> [ [TF-SFT]-ENC => GM => DEC ] -> Onehot
Train - Original,0.5,0.00039649009704589844,0,0,npl08,20.00385355949402,0.8150956630706787,Electricity,KNeighborsClassifier,90,onehot,onehot,Onehot -> [ TF-MultiHead-Encoded => GM => Decoded ] -> Onehot,GM,TF-MultiHead,encoded,decoded,False,centroid,Onehot -> [ [TF-SFT]-ENC => GM => DEC ] -> Onehot
Val,0.5,0.00039649009704589844,0,0,npl08,20.00385355949402,0.350811243057251,Electricity,KNeighborsClassifier,90,onehot,onehot,Onehot -> [ TF-MultiHead-Encoded => GM => Decoded ] -> Onehot,GM,TF-MultiHead,encoded,decoded,False,centroid,Onehot -> [ [TF-SFT]-ENC => GM => DEC ] -> Onehot
Test,0.5,0.00039649009704589844,0,0,npl08,20.00385355949402,0.2865719795227051,Electricity,KNeighborsClassifier,90,onehot,onehot,Onehot -> [ TF-MultiHead-Encoded => GM => Decoded ] -> Onehot,GM,TF-MultiHead,encoded,decoded,False,centroid,Onehot -> [ [TF-SFT]-ENC => GM => DEC ] -> Onehot
Train,0.7555555555555555,0.0005829334259033203,0,0,npl08,19.981317281723022,0.05742001533508301,Electricity,KNeighborsClassifier,90,onehot,onehot,Onehot -> [ TF-MultiHead-Encoded => GM => Decoded-Binary ] -> Onehot,GM,TF-MultiHead,encoded,decoded,True,centroid,Onehot -> [ [TF-SFT]-ENC => GM => DEC-BIN ] -> Onehot
Train - Original,0.6055780161619368,0.0005829334259033203,0,0,npl08,19.981317281723022,0.8415999412536621,Electricity,KNeighborsClassifier,90,onehot,onehot,Onehot -> [ TF-MultiHead-Encoded => GM => Decoded-Binary ] -> Onehot,GM,TF-MultiHead,encoded,decoded,True,centroid,Onehot -> [ [TF-SFT]-ENC => GM => DEC-BIN ] -> Onehot
Val,0.6156350329835372,0.0005829334259033203,0,0,npl08,19.981317281723022,0.29385876655578613,Electricity,KNeighborsClassifier,90,onehot,onehot,Onehot -> [ TF-MultiHead-Encoded => GM => Decoded-Binary ] -> Onehot,GM,TF-MultiHead,encoded,decoded,True,centroid,Onehot -> [ [TF-SFT]-ENC => GM => DEC-BIN ] -> Onehot
Test,0.6109836241330058,0.0005829334259033203,0,0,npl08,19.981317281723022,0.2654585838317871,Electricity,KNeighborsClassifier,90,onehot,onehot,Onehot -> [ TF-MultiHead-Encoded => GM => Decoded-Binary ] -> Onehot,GM,TF-MultiHead,encoded,decoded,True,centroid,Onehot -> [ [TF-SFT]-ENC => GM => DEC-BIN ] -> Onehot
Train,0.7666666666666666,0.0011358261108398438,0,0,npl08,20.596216440200806,0.008173227310180664,Electricity,KNeighborsClassifier,90,onehot,onehot,Onehot -> [ TF-MultiHead-Encoded => GM => Encoded ] -> Onehot,GM,TF-MultiHead,encoded,encoded,False,centroid,Onehot -> [ [TF-SFT]-ENC => GM => ENC ] -> Onehot
Train - Original,0.6298859183146105,0.0011358261108398438,0,0,npl08,20.596216440200806,0.47618937492370605,Electricity,KNeighborsClassifier,90,onehot,onehot,Onehot -> [ TF-MultiHead-Encoded => GM => Encoded ] -> Onehot,GM,TF-MultiHead,encoded,encoded,False,centroid,Onehot -> [ [TF-SFT]-ENC => GM => ENC ] -> Onehot
Val,0.6331812754083272,0.0011358261108398438,0,0,npl08,20.596216440200806,0.10699200630187988,Electricity,KNeighborsClassifier,90,onehot,onehot,Onehot -> [ TF-MultiHead-Encoded => GM => Encoded ] -> Onehot,GM,TF-MultiHead,encoded,encoded,False,centroid,Onehot -> [ [TF-SFT]-ENC => GM => ENC ] -> Onehot
Test,0.6334622084471899,0.0011358261108398438,0,0,npl08,20.596216440200806,0.11182427406311035,Electricity,KNeighborsClassifier,90,onehot,onehot,Onehot -> [ TF-MultiHead-Encoded => GM => Encoded ] -> Onehot,GM,TF-MultiHead,encoded,encoded,False,centroid,Onehot -> [ [TF-SFT]-ENC => GM => ENC ] -> Onehot
Train,0.6888888888888889,0.0005939006805419922,0,0,npl08,20.554171085357666,0.009371280670166016,Electricity,KNeighborsClassifier,90,onehot,onehot,Onehot -> [ TF-MultiHead-Encoded => GM => Decoded ] -> Onehot,GM,TF-MultiHead,encoded,decoded,False,centroid,Onehot -> [ [TF-SFT]-ENC => GM => DEC ] -> Onehot
Train - Original,0.507883268415492,0.0005939006805419922,0,0,npl08,20.554171085357666,0.8686501979827881,Electricity,KNeighborsClassifier,90,onehot,onehot,Onehot -> [ TF-MultiHead-Encoded => GM => Decoded ] -> Onehot,GM,TF-MultiHead,encoded,decoded,False,centroid,Onehot -> [ [TF-SFT]-ENC => GM => DEC ] -> Onehot
Val,0.5056204199006551,0.0005939006805419922,0,0,npl08,20.554171085357666,0.34444737434387207,Electricity,KNeighborsClassifier,90,onehot,onehot,Onehot -> [ TF-MultiHead-Encoded => GM => Decoded ] -> Onehot,GM,TF-MultiHead,encoded,decoded,False,centroid,Onehot -> [ [TF-SFT]-ENC => GM => DEC ] -> Onehot
Test,0.5074536244519817,0.0005939006805419922,0,0,npl08,20.554171085357666,0.3307332992553711,Electricity,KNeighborsClassifier,90,onehot,onehot,Onehot -> [ TF-MultiHead-Encoded => GM => Decoded ] -> Onehot,GM,TF-MultiHead,encoded,decoded,False,centroid,Onehot -> [ [TF-SFT]-ENC => GM => DEC ] -> Onehot
Train,0.788888888888889,0.0005891323089599609,0,0,npl08,20.554938793182373,0.0606386661529541,Electricity,KNeighborsClassifier,90,onehot,onehot,Onehot -> [ TF-MultiHead-Encoded => GM => Decoded-Binary ] -> Onehot,GM,TF-MultiHead,encoded,decoded,True,centroid,Onehot -> [ [TF-SFT]-ENC => GM => DEC-BIN ] -> Onehot
Train - Original,0.6174283824662556,0.0005891323089599609,0,0,npl08,20.554938793182373,0.8521504402160645,Electricity,KNeighborsClassifier,90,onehot,onehot,Onehot -> [ TF-MultiHead-Encoded => GM => Decoded-Binary ] -> Onehot,GM,TF-MultiHead,encoded,decoded,True,centroid,Onehot -> [ [TF-SFT]-ENC => GM => DEC-BIN ] -> Onehot
Val,0.6144464242776695,0.0005891323089599609,0,0,npl08,20.554938793182373,0.30480456352233887,Electricity,KNeighborsClassifier,90,onehot,onehot,Onehot -> [ TF-MultiHead-Encoded => GM => Decoded-Binary ] -> Onehot,GM,TF-MultiHead,encoded,decoded,True,centroid,Onehot -> [ [TF-SFT]-ENC => GM => DEC-BIN ] -> Onehot
Test,0.6145411797854357,0.0005891323089599609,0,0,npl08,20.554938793182373,0.3016071319580078,Electricity,KNeighborsClassifier,90,onehot,onehot,Onehot -> [ TF-MultiHead-Encoded => GM => Decoded-Binary ] -> Onehot,GM,TF-MultiHead,encoded,decoded,True,centroid,Onehot -> [ [TF-SFT]-ENC => GM => DEC-BIN ] -> Onehot
Train,0.8222222222222222,0.0003857612609863281,0,0,npl08,20.547240257263184,0.006758928298950195,Electricity,KNeighborsClassifier,90,onehot,onehot,Onehot -> [ TF-MultiHead-Encoded => GM => Encoded ] -> Onehot,GM,TF-MultiHead,encoded,encoded,False,centroid,Onehot -> [ [TF-SFT]-ENC => GM => ENC ] -> Onehot
Train - Original,0.6375414233895423,0.0003857612609863281,0,0,npl08,20.547240257263184,0.47617030143737793,Electricity,KNeighborsClassifier,90,onehot,onehot,Onehot -> [ TF-MultiHead-Encoded => GM => Encoded ] -> Onehot,GM,TF-MultiHead,encoded,encoded,False,centroid,Onehot -> [ [TF-SFT]-ENC => GM => ENC ] -> Onehot
Val,0.6431454417263673,0.0003857612609863281,0,0,npl08,20.547240257263184,0.10444450378417969,Electricity,KNeighborsClassifier,90,onehot,onehot,Onehot -> [ TF-MultiHead-Encoded => GM => Encoded ] -> Onehot,GM,TF-MultiHead,encoded,encoded,False,centroid,Onehot -> [ [TF-SFT]-ENC => GM => ENC ] -> Onehot
Test,0.6434412357834225,0.0003857612609863281,0,0,npl08,20.547240257263184,0.10951566696166992,Electricity,KNeighborsClassifier,90,onehot,onehot,Onehot -> [ TF-MultiHead-Encoded => GM => Encoded ] -> Onehot,GM,TF-MultiHead,encoded,encoded,False,centroid,Onehot -> [ [TF-SFT]-ENC => GM => ENC ] -> Onehot
Train,0.7277777777777777,0.0004761219024658203,0,0,npl08,20.5321683883667,0.008960247039794922,Electricity,KNeighborsClassifier,90,onehot,onehot,Onehot -> [ TF-MultiHead-Encoded => GM => Decoded ] -> Onehot,GM,TF-MultiHead,encoded,decoded,False,centroid,Onehot -> [ [TF-SFT]-ENC => GM => DEC ] -> Onehot
Train - Original,0.5,0.0004761219024658203,0,0,npl08,20.5321683883667,0.831061840057373,Electricity,KNeighborsClassifier,90,onehot,onehot,Onehot -> [ TF-MultiHead-Encoded => GM => Decoded ] -> Onehot,GM,TF-MultiHead,encoded,decoded,False,centroid,Onehot -> [ [TF-SFT]-ENC => GM => DEC ] -> Onehot
Val,0.5,0.0004761219024658203,0,0,npl08,20.5321683883667,0.37003254890441895,Electricity,KNeighborsClassifier,90,onehot,onehot,Onehot -> [ TF-MultiHead-Encoded => GM => Decoded ] -> Onehot,GM,TF-MultiHead,encoded,decoded,False,centroid,Onehot -> [ [TF-SFT]-ENC => GM => DEC ] -> Onehot
Test,0.5,0.0004761219024658203,0,0,npl08,20.5321683883667,0.3377416133880615,Electricity,KNeighborsClassifier,90,onehot,onehot,Onehot -> [ TF-MultiHead-Encoded => GM => Decoded ] -> Onehot,GM,TF-MultiHead,encoded,decoded,False,centroid,Onehot -> [ [TF-SFT]-ENC => GM => DEC ] -> Onehot
Train,0.7555555555555555,0.0006229877471923828,0,0,npl08,20.568469762802124,0.06647348403930664,Electricity,KNeighborsClassifier,90,onehot,onehot,Onehot -> [ TF-MultiHead-Encoded => GM => Decoded-Binary ] -> Onehot,GM,TF-MultiHead,encoded,decoded,True,centroid,Onehot -> [ [TF-SFT]-ENC => GM => DEC-BIN ] -> Onehot
Train - Original,0.6157733591526963,0.0006229877471923828,0,0,npl08,20.568469762802124,0.7840492725372314,Electricity,KNeighborsClassifier,90,onehot,onehot,Onehot -> [ TF-MultiHead-Encoded => GM => Decoded-Binary ] -> Onehot,GM,TF-MultiHead,encoded,decoded,True,centroid,Onehot -> [ [TF-SFT]-ENC => GM => DEC-BIN ] -> Onehot
Val,0.6156814131756603,0.0006229877471923828,0,0,npl08,20.568469762802124,0.3260526657104492,Electricity,KNeighborsClassifier,90,onehot,onehot,Onehot -> [ TF-MultiHead-Encoded => GM => Decoded-Binary ] -> Onehot,GM,TF-MultiHead,encoded,decoded,True,centroid,Onehot -> [ [TF-SFT]-ENC => GM => DEC-BIN ] -> Onehot
Test,0.6112691075409441,0.0006229877471923828,0,0,npl08,20.568469762802124,0.3183417320251465,Electricity,KNeighborsClassifier,90,onehot,onehot,Onehot -> [ TF-MultiHead-Encoded => GM => Decoded-Binary ] -> Onehot,GM,TF-MultiHead,encoded,decoded,True,centroid,Onehot -> [ [TF-SFT]-ENC => GM => DEC-BIN ] -> Onehot
Train,0.75,0.001537322998046875,0,0,npl08,20.540401935577393,0.00894927978515625,Electricity,KNeighborsClassifier,90,onehot,onehot,Onehot -> [ TF-MultiHead-Encoded => GM => Encoded ] -> Onehot,GM,TF-MultiHead,encoded,encoded,False,centroid,Onehot -> [ [TF-SFT]-ENC => GM => ENC ] -> Onehot
Train - Original,0.6325292058677565,0.001537322998046875,0,0,npl08,20.540401935577393,0.47983217239379883,Electricity,KNeighborsClassifier,90,onehot,onehot,Onehot -> [ TF-MultiHead-Encoded => GM => Encoded ] -> Onehot,GM,TF-MultiHead,encoded,encoded,False,centroid,Onehot -> [ [TF-SFT]-ENC => GM => ENC ] -> Onehot
Val,0.6230548448651236,0.001537322998046875,0,0,npl08,20.540401935577393,0.10593008995056152,Electricity,KNeighborsClassifier,90,onehot,onehot,Onehot -> [ TF-MultiHead-Encoded => GM => Encoded ] -> Onehot,GM,TF-MultiHead,encoded,encoded,False,centroid,Onehot -> [ [TF-SFT]-ENC => GM => ENC ] -> Onehot
Test,0.6223199824208852,0.001537322998046875,0,0,npl08,20.540401935577393,0.11124873161315918,Electricity,KNeighborsClassifier,90,onehot,onehot,Onehot -> [ TF-MultiHead-Encoded => GM => Encoded ] -> Onehot,GM,TF-MultiHead,encoded,encoded,False,centroid,Onehot -> [ [TF-SFT]-ENC => GM => ENC ] -> Onehot
Train,0.74,0.0005221366882324219,0,0,silkworm,33.768994092941284,0.045697927474975586,Electricity,KNeighborsClassifier,100,onehot,onehot,Onehot -> [ GM => Original ] -> Onehot,GM,N/A,original,original,False,centroid,Onehot -> [ GM => ORI ] -> Onehot
Train - Original,0.6106753377529349,0.0005221366882324219,0,0,silkworm,33.768994092941284,0.6776196956634521,Electricity,KNeighborsClassifier,100,onehot,onehot,Onehot -> [ GM => Original ] -> Onehot,GM,N/A,original,original,False,centroid,Onehot -> [ GM => ORI ] -> Onehot
Val,0.6082306811659919,0.0005221366882324219,0,0,silkworm,33.768994092941284,0.1713242530822754,Electricity,KNeighborsClassifier,100,onehot,onehot,Onehot -> [ GM => Original ] -> Onehot,GM,N/A,original,original,False,centroid,Onehot -> [ GM => ORI ] -> Onehot
Test,0.6142199001959929,0.0005221366882324219,0,0,silkworm,33.768994092941284,0.19297552108764648,Electricity,KNeighborsClassifier,100,onehot,onehot,Onehot -> [ GM => Original ] -> Onehot,GM,N/A,original,original,False,centroid,Onehot -> [ GM => ORI ] -> Onehot
Train,0.725,0.0005412101745605469,0,0,silkworm,33.607914447784424,0.049211978912353516,Electricity,KNeighborsClassifier,100,onehot,onehot,Onehot -> [ GM => Original ] -> Onehot,GM,N/A,original,original,False,centroid,Onehot -> [ GM => ORI ] -> Onehot
Train - Original,0.6007437209495956,0.0005412101745605469,0,0,silkworm,33.607914447784424,0.595257043838501,Electricity,KNeighborsClassifier,100,onehot,onehot,Onehot -> [ GM => Original ] -> Onehot,GM,N/A,original,original,False,centroid,Onehot -> [ GM => ORI ] -> Onehot
Val,0.5973790451545502,0.0005412101745605469,0,0,silkworm,33.607914447784424,0.2909867763519287,Electricity,KNeighborsClassifier,100,onehot,onehot,Onehot -> [ GM => Original ] -> Onehot,GM,N/A,original,original,False,centroid,Onehot -> [ GM => ORI ] -> Onehot
Test,0.5916221872530152,0.0005412101745605469,0,0,silkworm,33.607914447784424,0.3310244083404541,Electricity,KNeighborsClassifier,100,onehot,onehot,Onehot -> [ GM => Original ] -> Onehot,GM,N/A,original,original,False,centroid,Onehot -> [ GM => ORI ] -> Onehot
Train,0.7050000000000001,0.0005347728729248047,0,0,silkworm,33.496052265167236,0.044150352478027344,Electricity,KNeighborsClassifier,100,onehot,onehot,Onehot -> [ GM => Original ] -> Onehot,GM,N/A,original,original,False,centroid,Onehot -> [ GM => ORI ] -> Onehot
Train - Original,0.6123400322608585,0.0005347728729248047,0,0,silkworm,33.496052265167236,0.6207690238952637,Electricity,KNeighborsClassifier,100,onehot,onehot,Onehot -> [ GM => Original ] -> Onehot,GM,N/A,original,original,False,centroid,Onehot -> [ GM => ORI ] -> Onehot
Val,0.6187715654603918,0.0005347728729248047,0,0,silkworm,33.496052265167236,0.16199755668640137,Electricity,KNeighborsClassifier,100,onehot,onehot,Onehot -> [ GM => Original ] -> Onehot,GM,N/A,original,original,False,centroid,Onehot -> [ GM => ORI ] -> Onehot
Test,0.6173356742618367,0.0005347728729248047,0,0,silkworm,33.496052265167236,0.2564058303833008,Electricity,KNeighborsClassifier,100,onehot,onehot,Onehot -> [ GM => Original ] -> Onehot,GM,N/A,original,original,False,centroid,Onehot -> [ GM => ORI ] -> Onehot
Train,0.7,0.0005331039428710938,0,0,silkworm,33.72582030296326,0.042669057846069336,Electricity,KNeighborsClassifier,100,onehot,onehot,Onehot -> [ GM => Original ] -> Onehot,GM,N/A,original,original,False,centroid,Onehot -> [ GM => ORI ] -> Onehot
Train - Original,0.6175183851968118,0.0005331039428710938,0,0,silkworm,33.72582030296326,0.5826370716094971,Electricity,KNeighborsClassifier,100,onehot,onehot,Onehot -> [ GM => Original ] -> Onehot,GM,N/A,original,original,False,centroid,Onehot -> [ GM => ORI ] -> Onehot
Val,0.6160353113178477,0.0005331039428710938,0,0,silkworm,33.72582030296326,0.18511557579040527,Electricity,KNeighborsClassifier,100,onehot,onehot,Onehot -> [ GM => Original ] -> Onehot,GM,N/A,original,original,False,centroid,Onehot -> [ GM => ORI ] -> Onehot
Test,0.6094953801660801,0.0005331039428710938,0,0,silkworm,33.72582030296326,0.20142865180969238,Electricity,KNeighborsClassifier,100,onehot,onehot,Onehot -> [ GM => Original ] -> Onehot,GM,N/A,original,original,False,centroid,Onehot -> [ GM => ORI ] -> Onehot
Train,0.7150000000000001,0.0008251667022705078,0,0,silkworm,33.81120204925537,0.04655337333679199,Electricity,KNeighborsClassifier,100,onehot,onehot,Onehot -> [ GM => Original ] -> Onehot,GM,N/A,original,original,False,centroid,Onehot -> [ GM => ORI ] -> Onehot
Train - Original,0.6150471163338327,0.0008251667022705078,0,0,silkworm,33.81120204925537,0.6340780258178711,Electricity,KNeighborsClassifier,100,onehot,onehot,Onehot -> [ GM => Original ] -> Onehot,GM,N/A,original,original,False,centroid,Onehot -> [ GM => ORI ] -> Onehot
Val,0.614903404279523,0.0008251667022705078,0,0,silkworm,33.81120204925537,0.27221035957336426,Electricity,KNeighborsClassifier,100,onehot,onehot,Onehot -> [ GM => Original ] -> Onehot,GM,N/A,original,original,False,centroid,Onehot -> [ GM => ORI ] -> Onehot
Test,0.6137145449454728,0.0008251667022705078,0,0,silkworm,33.81120204925537,0.3483116626739502,Electricity,KNeighborsClassifier,100,onehot,onehot,Onehot -> [ GM => Original ] -> Onehot,GM,N/A,original,original,False,centroid,Onehot -> [ GM => ORI ] -> Onehot
Train,0.72,0.0005960464477539062,0,0,npl08,20.640859127044678,0.010090827941894531,Electricity,KNeighborsClassifier,100,onehot,onehot,Onehot -> [ TF-MultiHead-Encoded => GM => Decoded ] -> Onehot,GM,TF-MultiHead,encoded,decoded,False,centroid,Onehot -> [ [TF-SFT]-ENC => GM => DEC ] -> Onehot
Train - Original,0.4999513185357306,0.0005960464477539062,0,0,npl08,20.640859127044678,0.8197107315063477,Electricity,KNeighborsClassifier,100,onehot,onehot,Onehot -> [ TF-MultiHead-Encoded => GM => Decoded ] -> Onehot,GM,TF-MultiHead,encoded,decoded,False,centroid,Onehot -> [ [TF-SFT]-ENC => GM => DEC ] -> Onehot
Val,0.4994802494802495,0.0005960464477539062,0,0,npl08,20.640859127044678,0.34723925590515137,Electricity,KNeighborsClassifier,100,onehot,onehot,Onehot -> [ TF-MultiHead-Encoded => GM => Decoded ] -> Onehot,GM,TF-MultiHead,encoded,decoded,False,centroid,Onehot -> [ [TF-SFT]-ENC => GM => DEC ] -> Onehot
Test,0.5000823134965781,0.0005960464477539062,0,0,npl08,20.640859127044678,0.29196667671203613,Electricity,KNeighborsClassifier,100,onehot,onehot,Onehot -> [ TF-MultiHead-Encoded => GM => Decoded ] -> Onehot,GM,TF-MultiHead,encoded,decoded,False,centroid,Onehot -> [ [TF-SFT]-ENC => GM => DEC ] -> Onehot
Train,0.76,0.0003578662872314453,0,0,npl08,20.63681674003601,0.05913591384887695,Electricity,KNeighborsClassifier,100,onehot,onehot,Onehot -> [ TF-MultiHead-Encoded => GM => Decoded-Binary ] -> Onehot,GM,TF-MultiHead,encoded,decoded,True,centroid,Onehot -> [ [TF-SFT]-ENC => GM => DEC-BIN ] -> Onehot
Train - Original,0.6108025727508984,0.0003578662872314453,0,0,npl08,20.63681674003601,0.8383116722106934,Electricity,KNeighborsClassifier,100,onehot,onehot,Onehot -> [ TF-MultiHead-Encoded => GM => Decoded-Binary ] -> Onehot,GM,TF-MultiHead,encoded,decoded,True,centroid,Onehot -> [ [TF-SFT]-ENC => GM => DEC-BIN ] -> Onehot
Val,0.6082306811659919,0.0003578662872314453,0,0,npl08,20.63681674003601,0.2889525890350342,Electricity,KNeighborsClassifier,100,onehot,onehot,Onehot -> [ TF-MultiHead-Encoded => GM => Decoded-Binary ] -> Onehot,GM,TF-MultiHead,encoded,decoded,True,centroid,Onehot -> [ [TF-SFT]-ENC => GM => DEC-BIN ] -> Onehot
Test,0.6152597615478127,0.0003578662872314453,0,0,npl08,20.63681674003601,0.2951486110687256,Electricity,KNeighborsClassifier,100,onehot,onehot,Onehot -> [ TF-MultiHead-Encoded => GM => Decoded-Binary ] -> Onehot,GM,TF-MultiHead,encoded,decoded,True,centroid,Onehot -> [ [TF-SFT]-ENC => GM => DEC-BIN ] -> Onehot
Train,0.735,0.0004897117614746094,0,0,npl08,20.603572845458984,0.008519411087036133,Electricity,KNeighborsClassifier,100,onehot,onehot,Onehot -> [ TF-MultiHead-Encoded => GM => Encoded ] -> Onehot,GM,TF-MultiHead,encoded,encoded,False,centroid,Onehot -> [ [TF-SFT]-ENC => GM => ENC ] -> Onehot
Train - Original,0.6220189570707685,0.0004897117614746094,0,0,npl08,20.603572845458984,0.47374725341796875,Electricity,KNeighborsClassifier,100,onehot,onehot,Onehot -> [ TF-MultiHead-Encoded => GM => Encoded ] -> Onehot,GM,TF-MultiHead,encoded,encoded,False,centroid,Onehot -> [ [TF-SFT]-ENC => GM => ENC ] -> Onehot
Val,0.6184740146003249,0.0004897117614746094,0,0,npl08,20.603572845458984,0.10573649406433105,Electricity,KNeighborsClassifier,100,onehot,onehot,Onehot -> [ TF-MultiHead-Encoded => GM => Encoded ] -> Onehot,GM,TF-MultiHead,encoded,encoded,False,centroid,Onehot -> [ [TF-SFT]-ENC => GM => ENC ] -> Onehot
Test,0.6209078053396562,0.0004897117614746094,0,0,npl08,20.603572845458984,0.10851812362670898,Electricity,KNeighborsClassifier,100,onehot,onehot,Onehot -> [ TF-MultiHead-Encoded => GM => Encoded ] -> Onehot,GM,TF-MultiHead,encoded,encoded,False,centroid,Onehot -> [ [TF-SFT]-ENC => GM => ENC ] -> Onehot
Train,0.69,0.0013484954833984375,0,0,npl08,20.02395534515381,0.009093999862670898,Electricity,KNeighborsClassifier,100,onehot,onehot,Onehot -> [ TF-MultiHead-Encoded => GM => Decoded ] -> Onehot,GM,TF-MultiHead,encoded,decoded,False,centroid,Onehot -> [ [TF-SFT]-ENC => GM => DEC ] -> Onehot
Train - Original,0.5,0.0013484954833984375,0,0,npl08,20.02395534515381,0.826012372970581,Electricity,KNeighborsClassifier,100,onehot,onehot,Onehot -> [ TF-MultiHead-Encoded => GM => Decoded ] -> Onehot,GM,TF-MultiHead,encoded,decoded,False,centroid,Onehot -> [ [TF-SFT]-ENC => GM => DEC ] -> Onehot
Val,0.5,0.0013484954833984375,0,0,npl08,20.02395534515381,0.32108020782470703,Electricity,KNeighborsClassifier,100,onehot,onehot,Onehot -> [ TF-MultiHead-Encoded => GM => Decoded ] -> Onehot,GM,TF-MultiHead,encoded,decoded,False,centroid,Onehot -> [ [TF-SFT]-ENC => GM => DEC ] -> Onehot
Test,0.5,0.0013484954833984375,0,0,npl08,20.02395534515381,0.3290703296661377,Electricity,KNeighborsClassifier,100,onehot,onehot,Onehot -> [ TF-MultiHead-Encoded => GM => Decoded ] -> Onehot,GM,TF-MultiHead,encoded,decoded,False,centroid,Onehot -> [ [TF-SFT]-ENC => GM => DEC ] -> Onehot
Train,0.7749999999999999,0.00037360191345214844,0,0,npl08,20.064915895462036,0.08538222312927246,Electricity,KNeighborsClassifier,100,onehot,onehot,Onehot -> [ TF-MultiHead-Encoded => GM => Decoded-Binary ] -> Onehot,GM,TF-MultiHead,encoded,decoded,True,centroid,Onehot -> [ [TF-SFT]-ENC => GM => DEC-BIN ] -> Onehot
Train - Original,0.6007437209495956,0.00037360191345214844,0,0,npl08,20.064915895462036,0.8431017398834229,Electricity,KNeighborsClassifier,100,onehot,onehot,Onehot -> [ TF-MultiHead-Encoded => GM => Decoded-Binary ] -> Onehot,GM,TF-MultiHead,encoded,decoded,True,centroid,Onehot -> [ [TF-SFT]-ENC => GM => DEC-BIN ] -> Onehot
Val,0.5973790451545502,0.00037360191345214844,0,0,npl08,20.064915895462036,0.2973976135253906,Electricity,KNeighborsClassifier,100,onehot,onehot,Onehot -> [ TF-MultiHead-Encoded => GM => Decoded-Binary ] -> Onehot,GM,TF-MultiHead,encoded,decoded,True,centroid,Onehot -> [ [TF-SFT]-ENC => GM => DEC-BIN ] -> Onehot
Test,0.5916221872530152,0.00037360191345214844,0,0,npl08,20.064915895462036,0.2843635082244873,Electricity,KNeighborsClassifier,100,onehot,onehot,Onehot -> [ TF-MultiHead-Encoded => GM => Decoded-Binary ] -> Onehot,GM,TF-MultiHead,encoded,decoded,True,centroid,Onehot -> [ [TF-SFT]-ENC => GM => DEC-BIN ] -> Onehot
Train,0.73,0.0007097721099853516,0,0,npl08,20.402538537979126,0.013402938842773438,Electricity,KNeighborsClassifier,100,onehot,onehot,Onehot -> [ TF-MultiHead-Encoded => GM => Encoded ] -> Onehot,GM,TF-MultiHead,encoded,encoded,False,centroid,Onehot -> [ [TF-SFT]-ENC => GM => ENC ] -> Onehot
Train - Original,0.624919884102555,0.0007097721099853516,0,0,npl08,20.402538537979126,0.4789116382598877,Electricity,KNeighborsClassifier,100,onehot,onehot,Onehot -> [ TF-MultiHead-Encoded => GM => Encoded ] -> Onehot,GM,TF-MultiHead,encoded,encoded,False,centroid,Onehot -> [ [TF-SFT]-ENC => GM => ENC ] -> Onehot
Val,0.6239903337832255,0.0007097721099853516,0,0,npl08,20.402538537979126,0.10637307167053223,Electricity,KNeighborsClassifier,100,onehot,onehot,Onehot -> [ TF-MultiHead-Encoded => GM => Encoded ] -> Onehot,GM,TF-MultiHead,encoded,encoded,False,centroid,Onehot -> [ [TF-SFT]-ENC => GM => ENC ] -> Onehot
Test,0.6188169627826038,0.0007097721099853516,0,0,npl08,20.402538537979126,0.10573601722717285,Electricity,KNeighborsClassifier,100,onehot,onehot,Onehot -> [ TF-MultiHead-Encoded => GM => Encoded ] -> Onehot,GM,TF-MultiHead,encoded,encoded,False,centroid,Onehot -> [ [TF-SFT]-ENC => GM => ENC ] -> Onehot
Train,0.73,0.00047135353088378906,0,0,npl08,20.608607530593872,0.009197473526000977,Electricity,KNeighborsClassifier,100,onehot,onehot,Onehot -> [ TF-MultiHead-Encoded => GM => Decoded ] -> Onehot,GM,TF-MultiHead,encoded,decoded,False,centroid,Onehot -> [ [TF-SFT]-ENC => GM => DEC ] -> Onehot
Train - Original,0.5,0.00047135353088378906,0,0,npl08,20.608607530593872,0.8426599502563477,Electricity,KNeighborsClassifier,100,onehot,onehot,Onehot -> [ TF-MultiHead-Encoded => GM => Decoded ] -> Onehot,GM,TF-MultiHead,encoded,decoded,False,centroid,Onehot -> [ [TF-SFT]-ENC => GM => DEC ] -> Onehot
Val,0.5,0.00047135353088378906,0,0,npl08,20.608607530593872,0.2995493412017822,Electricity,KNeighborsClassifier,100,onehot,onehot,Onehot -> [ TF-MultiHead-Encoded => GM => Decoded ] -> Onehot,GM,TF-MultiHead,encoded,decoded,False,centroid,Onehot -> [ [TF-SFT]-ENC => GM => DEC ] -> Onehot
Test,0.5,0.00047135353088378906,0,0,npl08,20.608607530593872,0.2638845443725586,Electricity,KNeighborsClassifier,100,onehot,onehot,Onehot -> [ TF-MultiHead-Encoded => GM => Decoded ] -> Onehot,GM,TF-MultiHead,encoded,decoded,False,centroid,Onehot -> [ [TF-SFT]-ENC => GM => DEC ] -> Onehot
Train,0.74,0.0004086494445800781,0,0,npl08,20.6073055267334,0.053186893463134766,Electricity,KNeighborsClassifier,100,onehot,onehot,Onehot -> [ TF-MultiHead-Encoded => GM => Decoded-Binary ] -> Onehot,GM,TF-MultiHead,encoded,decoded,True,centroid,Onehot -> [ [TF-SFT]-ENC => GM => DEC-BIN ] -> Onehot
Train - Original,0.6125964918293747,0.0004086494445800781,0,0,npl08,20.6073055267334,0.9171874523162842,Electricity,KNeighborsClassifier,100,onehot,onehot,Onehot -> [ TF-MultiHead-Encoded => GM => Decoded-Binary ] -> Onehot,GM,TF-MultiHead,encoded,decoded,True,centroid,Onehot -> [ [TF-SFT]-ENC => GM => DEC-BIN ] -> Onehot
Val,0.615153600387556,0.0004086494445800781,0,0,npl08,20.6073055267334,0.34319019317626953,Electricity,KNeighborsClassifier,100,onehot,onehot,Onehot -> [ TF-MultiHead-Encoded => GM => Decoded-Binary ] -> Onehot,GM,TF-MultiHead,encoded,decoded,True,centroid,Onehot -> [ [TF-SFT]-ENC => GM => DEC-BIN ] -> Onehot
Test,0.6126107998142851,0.0004086494445800781,0,0,npl08,20.6073055267334,0.36952733993530273,Electricity,KNeighborsClassifier,100,onehot,onehot,Onehot -> [ TF-MultiHead-Encoded => GM => Decoded-Binary ] -> Onehot,GM,TF-MultiHead,encoded,decoded,True,centroid,Onehot -> [ [TF-SFT]-ENC => GM => DEC-BIN ] -> Onehot
Train,0.755,0.0006721019744873047,0,0,npl08,20.43349313735962,0.007691621780395508,Electricity,KNeighborsClassifier,100,onehot,onehot,Onehot -> [ TF-MultiHead-Encoded => GM => Encoded ] -> Onehot,GM,TF-MultiHead,encoded,encoded,False,centroid,Onehot -> [ [TF-SFT]-ENC => GM => ENC ] -> Onehot
Train - Original,0.6361927047442706,0.0006721019744873047,0,0,npl08,20.43349313735962,0.47543978691101074,Electricity,KNeighborsClassifier,100,onehot,onehot,Onehot -> [ TF-MultiHead-Encoded => GM => Encoded ] -> Onehot,GM,TF-MultiHead,encoded,encoded,False,centroid,Onehot -> [ [TF-SFT]-ENC => GM => ENC ] -> Onehot
Val,0.6377167000409139,0.0006721019744873047,0,0,npl08,20.43349313735962,0.10606002807617188,Electricity,KNeighborsClassifier,100,onehot,onehot,Onehot -> [ TF-MultiHead-Encoded => GM => Encoded ] -> Onehot,GM,TF-MultiHead,encoded,encoded,False,centroid,Onehot -> [ [TF-SFT]-ENC => GM => ENC ] -> Onehot
Test,0.639562444843755,0.0006721019744873047,0,0,npl08,20.43349313735962,0.10439014434814453,Electricity,KNeighborsClassifier,100,onehot,onehot,Onehot -> [ TF-MultiHead-Encoded => GM => Encoded ] -> Onehot,GM,TF-MultiHead,encoded,encoded,False,centroid,Onehot -> [ [TF-SFT]-ENC => GM => ENC ] -> Onehot
Train,0.69,0.0012421607971191406,0,0,npl08,20.011575937271118,0.01036214828491211,Electricity,KNeighborsClassifier,100,onehot,onehot,Onehot -> [ TF-MultiHead-Encoded => GM => Decoded ] -> Onehot,GM,TF-MultiHead,encoded,decoded,False,centroid,Onehot -> [ [TF-SFT]-ENC => GM => DEC ] -> Onehot
Train - Original,0.5031502339037556,0.0012421607971191406,0,0,npl08,20.011575937271118,0.8388035297393799,Electricity,KNeighborsClassifier,100,onehot,onehot,Onehot -> [ TF-MultiHead-Encoded => GM => Decoded ] -> Onehot,GM,TF-MultiHead,encoded,decoded,False,centroid,Onehot -> [ [TF-SFT]-ENC => GM => DEC ] -> Onehot
Val,0.5020159657720384,0.0012421607971191406,0,0,npl08,20.011575937271118,0.2957632541656494,Electricity,KNeighborsClassifier,100,onehot,onehot,Onehot -> [ TF-MultiHead-Encoded => GM => Decoded ] -> Onehot,GM,TF-MultiHead,encoded,decoded,False,centroid,Onehot -> [ [TF-SFT]-ENC => GM => DEC ] -> Onehot
Test,0.5002468518853246,0.0012421607971191406,0,0,npl08,20.011575937271118,0.35600781440734863,Electricity,KNeighborsClassifier,100,onehot,onehot,Onehot -> [ TF-MultiHead-Encoded => GM => Decoded ] -> Onehot,GM,TF-MultiHead,encoded,decoded,False,centroid,Onehot -> [ [TF-SFT]-ENC => GM => DEC ] -> Onehot
Train,0.805,0.00035762786865234375,0,0,npl08,20.043693780899048,0.053179264068603516,Electricity,KNeighborsClassifier,100,onehot,onehot,Onehot -> [ TF-MultiHead-Encoded => GM => Decoded-Binary ] -> Onehot,GM,TF-MultiHead,encoded,decoded,True,centroid,Onehot -> [ [TF-SFT]-ENC => GM => DEC-BIN ] -> Onehot
Train - Original,0.6175183851968118,0.00035762786865234375,0,0,npl08,20.043693780899048,0.8642017841339111,Electricity,KNeighborsClassifier,100,onehot,onehot,Onehot -> [ TF-MultiHead-Encoded => GM => Decoded-Binary ] -> Onehot,GM,TF-MultiHead,encoded,decoded,True,centroid,Onehot -> [ [TF-SFT]-ENC => GM => DEC-BIN ] -> Onehot
Val,0.6160353113178477,0.00035762786865234375,0,0,npl08,20.043693780899048,0.3282933235168457,Electricity,KNeighborsClassifier,100,onehot,onehot,Onehot -> [ TF-MultiHead-Encoded => GM => Decoded-Binary ] -> Onehot,GM,TF-MultiHead,encoded,decoded,True,centroid,Onehot -> [ [TF-SFT]-ENC => GM => DEC-BIN ] -> Onehot
Test,0.6094953801660801,0.00035762786865234375,0,0,npl08,20.043693780899048,0.30188441276550293,Electricity,KNeighborsClassifier,100,onehot,onehot,Onehot -> [ TF-MultiHead-Encoded => GM => Decoded-Binary ] -> Onehot,GM,TF-MultiHead,encoded,decoded,True,centroid,Onehot -> [ [TF-SFT]-ENC => GM => DEC-BIN ] -> Onehot
Train,0.825,0.0006041526794433594,0,0,npl08,20.034314155578613,0.008138179779052734,Electricity,KNeighborsClassifier,100,onehot,onehot,Onehot -> [ TF-MultiHead-Encoded => GM => Encoded ] -> Onehot,GM,TF-MultiHead,encoded,encoded,False,centroid,Onehot -> [ [TF-SFT]-ENC => GM => ENC ] -> Onehot
Train - Original,0.6368369193975565,0.0006041526794433594,0,0,npl08,20.034314155578613,0.47140932083129883,Electricity,KNeighborsClassifier,100,onehot,onehot,Onehot -> [ TF-MultiHead-Encoded => GM => Encoded ] -> Onehot,GM,TF-MultiHead,encoded,encoded,False,centroid,Onehot -> [ [TF-SFT]-ENC => GM => ENC ] -> Onehot
Val,0.6440619267262069,0.0006041526794433594,0,0,npl08,20.034314155578613,0.1043403148651123,Electricity,KNeighborsClassifier,100,onehot,onehot,Onehot -> [ TF-MultiHead-Encoded => GM => Encoded ] -> Onehot,GM,TF-MultiHead,encoded,encoded,False,centroid,Onehot -> [ [TF-SFT]-ENC => GM => ENC ] -> Onehot
Test,0.6409412623647454,0.0006041526794433594,0,0,npl08,20.034314155578613,0.10419201850891113,Electricity,KNeighborsClassifier,100,onehot,onehot,Onehot -> [ TF-MultiHead-Encoded => GM => Encoded ] -> Onehot,GM,TF-MultiHead,encoded,encoded,False,centroid,Onehot -> [ [TF-SFT]-ENC => GM => ENC ] -> Onehot
Train,0.71,0.0004973411560058594,0,0,npl08,20.105030298233032,0.008964776992797852,Electricity,KNeighborsClassifier,100,onehot,onehot,Onehot -> [ TF-MultiHead-Encoded => GM => Decoded ] -> Onehot,GM,TF-MultiHead,encoded,decoded,False,centroid,Onehot -> [ [TF-SFT]-ENC => GM => DEC ] -> Onehot
Train - Original,0.5,0.0004973411560058594,0,0,npl08,20.105030298233032,0.8550894260406494,Electricity,KNeighborsClassifier,100,onehot,onehot,Onehot -> [ TF-MultiHead-Encoded => GM => Decoded ] -> Onehot,GM,TF-MultiHead,encoded,decoded,False,centroid,Onehot -> [ [TF-SFT]-ENC => GM => DEC ] -> Onehot
Val,0.5,0.0004973411560058594,0,0,npl08,20.105030298233032,0.36231160163879395,Electricity,KNeighborsClassifier,100,onehot,onehot,Onehot -> [ TF-MultiHead-Encoded => GM => Decoded ] -> Onehot,GM,TF-MultiHead,encoded,decoded,False,centroid,Onehot -> [ [TF-SFT]-ENC => GM => DEC ] -> Onehot
Test,0.5,0.0004973411560058594,0,0,npl08,20.105030298233032,0.31821203231811523,Electricity,KNeighborsClassifier,100,onehot,onehot,Onehot -> [ TF-MultiHead-Encoded => GM => Decoded ] -> Onehot,GM,TF-MultiHead,encoded,decoded,False,centroid,Onehot -> [ [TF-SFT]-ENC => GM => DEC ] -> Onehot
Train,0.755,0.00036144256591796875,0,0,npl08,20.038036108016968,0.055376291275024414,Electricity,KNeighborsClassifier,100,onehot,onehot,Onehot -> [ TF-MultiHead-Encoded => GM => Decoded-Binary ] -> Onehot,GM,TF-MultiHead,encoded,decoded,True,centroid,Onehot -> [ [TF-SFT]-ENC => GM => DEC-BIN ] -> Onehot
Train - Original,0.6128235757044495,0.00036144256591796875,0,0,npl08,20.038036108016968,0.8096845149993896,Electricity,KNeighborsClassifier,100,onehot,onehot,Onehot -> [ TF-MultiHead-Encoded => GM => Decoded-Binary ] -> Onehot,GM,TF-MultiHead,encoded,decoded,True,centroid,Onehot -> [ [TF-SFT]-ENC => GM => DEC-BIN ] -> Onehot
Val,0.6134887419725057,0.00036144256591796875,0,0,npl08,20.038036108016968,0.3755030632019043,Electricity,KNeighborsClassifier,100,onehot,onehot,Onehot -> [ TF-MultiHead-Encoded => GM => Decoded-Binary ] -> Onehot,GM,TF-MultiHead,encoded,decoded,True,centroid,Onehot -> [ [TF-SFT]-ENC => GM => DEC-BIN ] -> Onehot
Test,0.6106838754151116,0.00036144256591796875,0,0,npl08,20.038036108016968,0.32671642303466797,Electricity,KNeighborsClassifier,100,onehot,onehot,Onehot -> [ TF-MultiHead-Encoded => GM => Decoded-Binary ] -> Onehot,GM,TF-MultiHead,encoded,decoded,True,centroid,Onehot -> [ [TF-SFT]-ENC => GM => DEC-BIN ] -> Onehot
Train,0.755,0.0006067752838134766,0,0,npl08,20.099876642227173,0.008853435516357422,Electricity,KNeighborsClassifier,100,onehot,onehot,Onehot -> [ TF-MultiHead-Encoded => GM => Encoded ] -> Onehot,GM,TF-MultiHead,encoded,encoded,False,centroid,Onehot -> [ [TF-SFT]-ENC => GM => ENC ] -> Onehot
Train - Original,0.6335220676881725,0.0006067752838134766,0,0,npl08,20.099876642227173,0.6221120357513428,Electricity,KNeighborsClassifier,100,onehot,onehot,Onehot -> [ TF-MultiHead-Encoded => GM => Encoded ] -> Onehot,GM,TF-MultiHead,encoded,encoded,False,centroid,Onehot -> [ [TF-SFT]-ENC => GM => ENC ] -> Onehot
Val,0.6289247521029674,0.0006067752838134766,0,0,npl08,20.099876642227173,0.13611054420471191,Electricity,KNeighborsClassifier,100,onehot,onehot,Onehot -> [ TF-MultiHead-Encoded => GM => Encoded ] -> Onehot,GM,TF-MultiHead,encoded,encoded,False,centroid,Onehot -> [ [TF-SFT]-ENC => GM => ENC ] -> Onehot
Test,0.6286452740179973,0.0006067752838134766,0,0,npl08,20.099876642227173,0.13585805892944336,Electricity,KNeighborsClassifier,100,onehot,onehot,Onehot -> [ TF-MultiHead-Encoded => GM => Encoded ] -> Onehot,GM,TF-MultiHead,encoded,encoded,False,centroid,Onehot -> [ [TF-SFT]-ENC => GM => ENC ] -> Onehot
